instrument,avg_score,pos_ratio,real_label,datetime,KMID,KLEN,KMID2,KUP,KUP2,KLOW,KLOW2,KSFT,KSFT2,OPEN0,HIGH0,LOW0,VWAP0,ROC5,ROC10,ROC20,ROC30,ROC60,MA5,MA10,MA20,MA30,MA60,STD5,STD10,STD20,STD30,STD60,BETA5,BETA10,BETA20,BETA30,BETA60,RSQR5,RSQR10,RSQR20,RSQR30,RSQR60,RESI5,RESI10,RESI20,RESI30,RESI60,MAX5,MAX10,MAX20,MAX30,MAX60,MIN5,MIN10,MIN20,MIN30,MIN60,QTLU5,QTLU10,QTLU20,QTLU30,QTLU60,QTLD5,QTLD10,QTLD20,QTLD30,QTLD60,RANK5,RANK10,RANK20,RANK30,RANK60,RSV5,RSV10,RSV20,RSV30,RSV60,IMAX5,IMAX10,IMAX20,IMAX30,IMAX60,IMIN5,IMIN10,IMIN20,IMIN30,IMIN60,IMXD5,IMXD10,IMXD20,IMXD30,IMXD60,CORR5,CORR10,CORR20,CORR30,CORR60,CORD5,CORD10,CORD20,CORD30,CORD60,CNTP5,CNTP10,CNTP20,CNTP30,CNTP60,CNTN5,CNTN10,CNTN20,CNTN30,CNTN60,CNTD5,CNTD10,CNTD20,CNTD30,CNTD60,SUMP5,SUMP10,SUMP20,SUMP30,SUMP60,SUMN5,SUMN10,SUMN20,SUMN30,SUMN60,SUMD5,SUMD10,SUMD20,SUMD30,SUMD60,VMA5,VMA10,VMA20,VMA30,VMA60,VSTD5,VSTD10,VSTD20,VSTD30,VSTD60,WVMA5,WVMA10,WVMA20,WVMA30,WVMA60,VSUMP5,VSUMP10,VSUMP20,VSUMP30,VSUMP60,VSUMN5,VSUMN10,VSUMN20,VSUMN30,VSUMN60,VSUMD5,VSUMD10,VSUMD20,VSUMD30,VSUMD60
SZ002049,0.16427417388660695,1.0,,2026-04-24,0.0014084681,0.02098593,0.06711488,0.017605642,0.838926,0.0019718194,0.09395912,-0.014225354,-0.677852,0.9985935,1.0175809,0.99662447,1.0051745,1.0251733,0.9758112,0.9524502,1.0577981,1.2146342,1.0078183,1.0037256,0.97459495,0.9821526,1.0488293,0.01582425,0.01530783,0.035003938,0.0389105,0.082887135,-0.004150813,0.0016220838,0.004875507,-2.4204735e-05,-0.004026565,0.17201252,0.10292735,0.67900634,2.9989465e-05,0.71977204,0.00048334067,-0.011025024,-0.020912297,0.018198363,0.06995433,1.0323391,1.0367064,1.0367064,1.0541406,1.2533064,0.9818571,0.9641284,0.91138005,0.91138005,0.91138005,1.0206488,1.02,1.0007294,1.0202819,1.1111703,0.9976639,0.9883195,0.9441262,0.94795257,0.9705124,0.4,0.6,0.8,0.7,0.35,0.35939342,0.49424863,0.7071131,0.62075937,0.2591784,0.8,0.5,0.75,0.033333335,0.083333336,0.6,0.1,0.3,0.53333336,0.76666665,0.2,0.4,0.45,-0.5,-0.68333334,-0.2504456,0.33336124,0.8000609,0.5384034,0.7840852,-0.52617025,0.052292112,0.33277547,0.21772799,0.15297303,0.4,0.6,0.55,0.5,0.46666667,0.6,0.4,0.45,0.5,0.53333336,-0.2,0.2,0.1,0.0,-0.06666667,0.36383468,0.5728731,0.57291883,0.45002124,0.40969002,0.6361653,0.42712685,0.42708117,0.5499788,0.59031,-0.2723306,0.14574628,0.1458377,-0.09995755,-0.18061997,1.3135285,1.1736835,0.96033806,0.93045676,1.2180895,0.2818528,0.27712354,0.31354502,0.2732067,0.63312995,0.9854463,0.9350652,1.0141724,0.8953015,1.1478333,0.36740065,0.524992,0.5520894,0.5105001,0.41189855,0.63259935,0.475008,0.4479106,0.4894999,0.58810145,-0.26519874,0.04998397,0.10417876,0.021000195,-0.17620288
SH601825,0.15669734041972194,1.0,,2026-04-24,0.02815318,0.04391895,0.6410258,0.012387407,0.28205153,0.003378364,0.0769227,0.019144135,0.43589693,0.97261775,1.0120482,0.96933186,0.9994512,1.0008258,1.0074319,0.9834847,0.9463253,0.94137067,0.99388933,1.0006605,0.9980594,0.98849434,0.95794106,0.011817396,0.011565958,0.011573975,0.017680017,0.0342444,-0.0029727546,-0.0025623757,0.00028995084,0.0013715588,0.0017224714,0.15820295,0.44991854,0.021966038,0.46640712,0.77165776,0.012056196,0.010870096,-0.0008139542,-0.008381924,-0.008753966,1.0172507,1.024934,1.024934,1.024934,1.024934,0.9582436,0.9582436,0.9582436,0.9402953,0.89817846,1.0009909,1.0052849,1.0047895,1.002147,0.99801815,0.9894302,0.99867874,0.9897605,0.9735755,0.9235342,0.6,0.3,0.45,0.6333333,0.81666666,0.707651,0.62612194,0.62612194,0.7054058,0.80328995,0.2,0.4,0.7,0.8,0.9,0.8,0.9,0.95,0.23333333,0.15,-0.6,-0.5,-0.25,0.56666666,0.75,-0.5040501,-0.59528244,-0.21408366,-0.23858671,-0.3073429,-0.6099339,-0.38731,0.011155005,-0.09164784,0.018764397,0.4,0.4,0.5,0.5,0.5,0.4,0.5,0.45,0.46666667,0.46666667,0.0,-0.1,0.05,0.033333335,0.033333335,0.49253714,0.4587158,0.54237306,0.58904123,0.5519767,0.50746286,0.5412842,0.45762694,0.41095874,0.44802335,-0.014925714,-0.0825684,0.08474611,0.17808251,0.10395332,0.70831627,0.56356335,0.5677412,0.5841025,0.6637979,0.3424675,0.27998337,0.21327607,0.20769091,0.29947686,1.240148,1.4314113,1.0914192,1.0203693,1.0975233,0.7279292,0.57480234,0.5172186,0.52677375,0.5031722,0.27207083,0.4251977,0.48278144,0.47322625,0.49682778,0.45585835,0.14960463,0.03443713,0.05354748,0.0063444395
SH600426,0.13841058449742666,0.875,,2026-04-24,0.031250037,0.05701748,0.5480782,0.024122737,0.4230762,0.0016447039,0.02884561,0.0087720025,0.1538476,0.96969694,1.0233917,0.9681021,0.9991618,0.9393982,1.0143504,0.9383314,1.0959646,0.989373,0.9568401,0.9634034,0.9743011,0.9762235,0.9907688,0.0274632,0.031437464,0.034035005,0.041906923,0.046497244,0.016558323,-0.0025595184,-0.0010787202,-0.0011943443,-0.00050259306,0.90880454,0.060762115,0.035158798,0.062949054,0.03563513,0.010043281,0.048114408,0.035946764,0.041094474,0.024057679,1.0233917,1.0430732,1.0483907,1.1563108,1.1722513,0.9053783,0.9053783,0.9053783,0.9027198,0.9027198,0.97257924,0.99277043,1.0156264,1.0156264,1.0264345,0.9364798,0.9390802,0.9438583,0.93918484,0.9471067,1.0,0.9,0.75,0.73333335,0.6333333,0.8017875,0.68718415,0.6616325,0.38361064,0.36092338,1.0,0.1,0.45,0.033333335,0.45,0.4,0.7,0.85,0.3,0.65,0.6,-0.6,-0.4,-0.26666668,-0.2,0.6927525,-0.026659193,0.33839452,0.43408203,0.432107,0.37263435,-0.32378742,0.50166607,0.35501626,0.030853491,0.8,0.6,0.55,0.5,0.51666665,0.2,0.4,0.45,0.5,0.48333332,0.6,0.2,0.1,0.0,0.033333335,0.8931835,0.4606555,0.5740599,0.42731258,0.5036514,0.10681647,0.5393445,0.4259401,0.57268745,0.49634865,0.78636706,-0.07868896,0.14811978,-0.14537485,0.0073027215,0.86169845,0.90625453,0.8885589,0.97193104,1.012792,0.15484473,0.2124881,0.26845205,0.3012102,0.38325763,0.8309762,1.0244472,1.3596326,1.1836065,1.1678096,0.5947682,0.5889319,0.5287389,0.46125746,0.50520694,0.40523177,0.41106805,0.47126108,0.53874254,0.4947931,0.18953644,0.17786387,0.057477847,-0.0774851,0.01041385
SH600522,0.13513724473819003,0.875,,2026-04-24,-0.023235297,0.05647056,-0.41145858,0.014705836,0.26041597,0.018529428,0.32812545,-0.019411704,-0.34374908,1.023788,1.0388436,0.9810298,1.0044835,0.8473395,0.8973328,0.8060917,0.9105683,0.57813966,0.9966291,0.92225236,0.90893143,0.8749419,0.8114417,0.04509401,0.08415449,0.06460245,0.07532262,0.11120305,0.018519634,0.02438559,0.006144658,0.006114666,0.0053587607,0.4216646,0.7697035,0.31663987,0.5107358,0.70826405,-0.033668377,-0.031987514,0.032694325,0.036395445,0.03047485,1.0551096,1.0551096,1.0551096,1.0551096,1.0551096,0.86811006,0.8256529,0.78017557,0.7407411,0.5628016,1.0304182,1.0051802,0.9517759,0.9259415,0.9041147,0.9678394,0.8464951,0.85192335,0.80506635,0.7006299,0.6,0.8,0.9,0.93333334,0.96666664,0.7052956,0.75982577,0.79955345,0.8246975,0.8880587,0.8,0.9,0.95,0.96666664,0.98333335,0.2,0.4,0.05,0.23333333,0.016666668,0.6,0.5,0.9,0.73333335,0.96666664,0.23318072,0.7981265,0.77176726,0.8229102,0.35260537,0.46100295,0.5132731,0.5746388,0.48750788,0.43149063,0.6,0.5,0.6,0.5,0.5833333,0.4,0.5,0.4,0.5,0.41666666,0.2,0.0,0.2,0.0,0.16666667,0.80577195,0.6603518,0.66459984,0.550976,0.62461895,0.19422804,0.33964822,0.3354002,0.44902405,0.37538108,0.6115439,0.3207036,0.32919964,0.10195193,0.24923787,1.3496535,1.0723941,0.9728577,0.8501106,0.8477172,0.35124776,0.388101,0.32156855,0.32229403,0.26757917,0.5713418,0.9819732,0.93424,0.94129825,0.8113108,0.55866134,0.45904404,0.54835886,0.5183903,0.51943487,0.4413387,0.54095596,0.45164114,0.4816097,0.48056513,0.11732265,-0.08191193,0.096717745,0.036780592,0.038869727
SZ002241,0.1286617237752808,1.0,,2026-04-24,-0.016558927,0.035137407,-0.47126204,0.015751245,0.44827566,0.0028272362,0.08046229,-0.029482935,-0.83907545,1.0168377,1.0328542,0.99712515,1.0122235,0.99342793,1.002471,0.93264925,1.0410796,1.2032877,1.0097809,1.003044,0.9715668,0.9743392,1.0296019,0.010828172,0.01089771,0.039173312,0.041259296,0.07062499,-0.0054223677,0.0011400114,0.005757028,0.0008249707,-0.003154544,0.62691355,0.100313485,0.7559343,0.030983832,0.6084938,0.0010638942,-0.008174099,-0.026258554,0.0136987455,0.06345707,1.0328542,1.0328542,1.0328542,1.0513419,1.2312137,0.9905668,0.9856284,0.8973319,0.8973319,0.8973319,1.020128,1.0111775,1.0031264,1.0111775,1.0859962,0.99967396,0.99441624,0.9253393,0.9259982,0.96583897,0.4,0.6,0.75,0.7,0.35,0.22307348,0.3043161,0.7575735,0.6666326,0.3074983,1.0,1.0,1.0,0.1,0.016666668,0.8,0.4,0.1,0.4,0.7,0.2,0.6,0.9,-0.3,-0.68333334,0.012312216,0.5846799,0.73972005,0.29589063,0.42018494,0.75586385,0.6337656,0.73534864,0.45681703,0.17057194,0.6,0.5,0.5,0.46666667,0.46666667,0.4,0.5,0.5,0.53333336,0.53333336,0.2,0.0,0.0,-0.06666667,-0.06666667,0.54397255,0.48868635,0.63143796,0.45444518,0.39139363,0.45602748,0.5113137,0.36856204,0.5455548,0.6086064,0.08794507,-0.022627307,0.26287588,-0.091109626,-0.21721274,0.8432185,0.7156007,0.654539,0.63667786,0.70950973,0.1496351,0.16878945,0.22297609,0.20066056,0.27537996,0.8259299,1.0227244,1.2968255,1.146638,1.1696897,0.7183091,0.47306892,0.57112026,0.55771035,0.5064149,0.2816909,0.5269311,0.42887974,0.44228968,0.49358514,0.4366182,-0.053862173,0.14224055,0.115420654,0.012829735
SH603993,0.12440849823345117,1.0,,2026-04-24,0.015199178,0.032494765,0.46774235,0.0062892926,0.19354787,0.011006295,0.33870977,0.01991618,0.61290425,0.9850284,1.0061952,0.97418684,0.98697853,1.0444226,0.9788397,0.90288675,1.0665638,1.1992713,1.0235987,1.0224355,0.9769969,0.9655269,1.0795217,0.022042697,0.02510875,0.056599267,0.058506608,0.13279973,-0.012682163,0.0009877398,0.008202084,0.0033833678,-0.0058311536,0.8275556,0.0141855525,0.73501277,0.25917327,0.5880502,0.0017656968,-0.026880331,-0.05491669,-0.014585711,0.092497386,1.0660083,1.0660083,1.0660083,1.0685633,1.4858056,0.97418684,0.9628134,0.87605685,0.8425408,0.8425408,1.0386771,1.0445067,1.0366873,1.0222253,1.1943946,0.9998879,0.9998879,0.90840805,0.9056614,0.9379484,0.4,0.3,0.65,0.6666667,0.33333334,0.2811231,0.3603531,0.6524991,0.6966526,0.2447813,0.2,0.6,0.8,0.033333335,0.1,1.0,0.1,0.1,0.23333333,0.6166667,-0.8,0.5,0.7,-0.2,-0.51666665,-0.43243065,-0.021543952,0.09012136,-0.17258942,0.3341483,-0.5254894,0.15171835,0.7340182,0.19580373,0.13295493,0.6,0.6,0.5,0.43333334,0.45,0.4,0.4,0.5,0.56666666,0.55,0.2,0.2,0.0,-0.13333334,-0.1,0.032447133,0.58162177,0.6417179,0.44932795,0.4483885,0.96755284,0.41837823,0.3582821,0.55067205,0.5516115,-0.93510574,0.16324355,0.28343582,-0.10134409,-0.103223,1.0931234,1.2076136,1.28967,1.4672439,1.610836,0.22258876,0.3658624,0.45217833,0.5365573,0.62854177,1.8611988,1.2400352,1.675622,1.3482869,1.2412887,0.5312631,0.46572542,0.49172905,0.47004545,0.4963182,0.46873686,0.5342746,0.5082709,0.52995455,0.5036818,0.06252627,-0.06854915,-0.016541885,-0.05990908,-0.0073636062
SZ300476,0.12101447633650134,1.0,,2026-04-24,-0.029908972,0.07174471,-0.4168805,0.026066698,0.36332572,0.015769044,0.2197938,-0.040206626,-0.5604124,1.0308311,1.0577015,0.9837448,1.0148499,1.0343164,0.9122883,0.84655243,0.88307023,0.84214324,1.054674,1.012019,0.9258145,0.9064083,0.8847515,0.035575245,0.057371274,0.101024926,0.08804751,0.07385868,-0.017038887,0.013005871,0.015993018,0.007045597,0.0023617647,0.5734911,0.4710873,0.8771459,0.49625298,0.31186745,-0.020596216,-0.07054546,-0.077748194,-0.008569482,0.045576457,1.108372,1.108372,1.108372,1.108372,1.108372,0.9837448,0.8972728,0.78959864,0.78959864,0.76913387,1.0863001,1.0587028,1.0371559,0.98078585,0.9366569,1.0388111,0.9570911,0.82214165,0.829153,0.82844853,0.2,0.5,0.75,0.8333333,0.9166667,0.13043079,0.48663005,0.6600344,0.6600344,0.68054307,0.2,0.6,0.8,0.8666667,0.93333334,1.0,0.1,0.15,0.43333334,0.2,-0.8,0.5,0.65,0.43333334,0.73333335,-0.15174848,0.3657065,0.85345423,0.8200167,0.78253394,-0.734655,0.44494885,0.61572546,0.46821892,0.50134337,0.4,0.6,0.55,0.56666666,0.48333332,0.6,0.4,0.45,0.43333334,0.51666665,-0.2,0.2,0.1,0.13333334,-0.033333335,0.4200797,0.6053269,0.6189977,0.56749094,0.5507394,0.5799203,0.39467308,0.3810023,0.43250906,0.44926062,-0.15984058,0.21065383,0.2379954,0.13498186,0.10147878,0.9817551,0.9874731,0.78871685,0.7440994,0.6894884,0.055430923,0.14681563,0.26602674,0.24309011,0.2564317,0.26277328,0.51316756,0.78830355,0.8400163,1.094246,0.20016854,0.516279,0.563945,0.5489967,0.52213013,0.79983145,0.48372102,0.436055,0.45100334,0.47786987,-0.5996629,0.03255799,0.12788996,0.09799334,0.04426025
SH603799,0.11509039359846998,1.0,,2026-04-24,0.041311692,0.04886672,0.84539527,0.0059475442,0.12170951,0.00160748,0.032895193,0.03697163,0.75658095,0.96032727,1.0057116,0.95878357,0.9847155,1.0220801,0.9482987,0.897985,1.0419884,1.1654801,0.997249,0.99511945,0.95679295,0.94446385,1.0374889,0.021713722,0.023130434,0.044575673,0.05069946,0.10947891,-0.0081503345,0.0013692712,0.006107481,0.0029365942,-0.004757285,0.35222667,0.032123495,0.6570472,0.2600057,0.57591355,0.019051641,-0.0012811542,-0.014814007,0.012955523,0.102851,1.0288742,1.0620618,1.0620618,1.0675787,1.2684094,0.95554525,0.93888885,0.8832801,0.83248925,0.83248925,1.0119691,1.0158422,1.00222,0.9993726,1.1325169,0.9914696,0.9677968,0.9168919,0.89708006,0.9241916,0.6,0.6,0.8,0.8333333,0.41666666,0.60623795,0.49614093,0.6528627,0.71254057,0.38426936,0.2,0.5,0.75,0.033333335,0.05,0.8,0.1,0.05,0.26666668,0.6333333,-0.6,0.4,0.7,-0.23333333,-0.5833333,-0.5206681,0.084748246,0.7688291,0.4450022,-0.11432087,-0.18934546,0.20641361,0.6180814,0.28203353,0.28139207,0.2,0.5,0.5,0.43333334,0.43333334,0.8,0.5,0.5,0.56666666,0.56666666,-0.6,0.0,0.0,-0.13333334,-0.13333334,0.39081144,0.61590487,0.6139949,0.47101936,0.4492845,0.60918856,0.38409513,0.38600507,0.5289807,0.5507155,-0.2183771,0.23180975,0.22798984,-0.057961304,-0.10143104,0.8591413,1.035962,0.8399274,0.8041621,0.702768,0.123577885,0.26714596,0.30277872,0.2647446,0.25922778,0.9601419,0.77816886,0.7842155,0.7954484,0.96013707,0.26873574,0.5145846,0.54196405,0.5466567,0.5196442,0.73126423,0.48541537,0.45803595,0.45334324,0.4803558,-0.4625285,0.029169235,0.08392813,0.0933135,0.0392884
SH600025,0.11439841095376516,1.0,,2026-04-24,-0.012269891,0.018404897,-0.6666644,0.0051124855,0.27777854,0.0010225218,0.055557046,-0.016359854,-0.8888859,1.0124223,1.0175983,0.9989648,1.005894,0.9840336,0.9840336,1.0630252,1.094958,0.9546218,1.0080673,0.994958,1.0044117,1.0241736,1.0005882,0.0070458013,0.015058463,0.021295471,0.03391826,0.05131903,-0.0015966364,0.0040641706,-0.001825361,-0.003276282,0.0014310231,0.12837818,0.6677194,0.25715274,0.72309786,0.23715718,-0.0048739347,-0.013246732,0.012929189,0.023332445,-0.04280339,1.0278028,1.0278028,1.0626422,1.1033093,1.1033093,0.9845317,0.9667044,0.9667044,0.9667044,0.9170526,1.012437,1.007563,1.0206722,1.0608402,1.0591596,1.0033613,0.9818487,0.9840336,0.99042016,0.9462185,0.2,0.6,0.45,0.3,0.51666665,0.35747367,0.5449499,0.34705356,0.24373643,0.44533923,0.4,0.7,0.05,0.033333335,0.51666665,0.2,0.2,0.6,0.73333335,0.1,0.2,0.5,-0.55,-0.7,0.41666666,0.45569846,0.22892037,-0.044965304,0.44730228,0.56468797,0.77081066,0.007657751,0.010458511,-0.24262406,0.15926635,0.6,0.5,0.35,0.3,0.43333334,0.4,0.5,0.65,0.6666667,0.51666665,0.2,0.0,-0.3,-0.36666667,-0.083333336,0.6301374,0.58715624,0.33905578,0.3282675,0.5428572,0.36986262,0.41284376,0.6609442,0.6717325,0.45714277,0.26027477,0.17431246,-0.32188845,-0.343465,0.08571444,1.142294,1.1138182,1.0018883,1.1207229,1.1851199,0.16595633,0.20030485,0.19022304,0.29025796,0.48645815,0.6008101,0.6836571,0.61127824,0.78477395,1.1075553,0.31189674,0.50673705,0.4652766,0.45870864,0.4925352,0.68810326,0.49326292,0.5347234,0.54129136,0.5074648,-0.37620652,0.013474144,-0.069446795,-0.08258269,-0.014929604
SZ300782,0.11150516617087913,0.875,,2026-04-24,-0.013922209,0.033125315,-0.42028907,0.013442175,0.40579763,0.0057609323,0.17391327,-0.021603452,-0.65217346,1.0141188,1.0277507,0.99415773,1.0081999,1.0321237,0.9726347,0.8471209,0.7976671,0.777208,1.0677505,1.040213,0.9487086,0.90312475,0.8333194,0.054238986,0.049024858,0.109070264,0.112796016,0.10829341,-0.029716715,0.0052512144,0.016610026,0.01143101,0.005116948,0.7504444,0.10517155,0.8117008,0.79594564,0.68095404,-0.008316992,-0.0638434,-0.10650383,-0.06887439,0.015730582,1.154623,1.154623,1.154623,1.154623,1.154623,0.99415773,0.9625092,0.7760456,0.75179976,0.7125537,1.1149157,1.0933567,1.0341899,1.0100499,0.89614147,1.0162045,0.9987336,0.8352046,0.7878689,0.7453101,0.2,0.3,0.65,0.76666665,0.8833333,0.036408313,0.19514897,0.5915683,0.61615175,0.6502291,0.2,0.6,0.8,0.8666667,0.93333334,1.0,0.1,0.15,0.1,0.18333334,-0.8,0.5,0.65,0.76666665,0.75,0.19946785,0.20859632,0.68958265,0.6440286,0.76545084,0.24461144,0.25289065,0.43434548,0.62335813,0.6349025,0.4,0.6,0.6,0.56666666,0.53333336,0.6,0.4,0.4,0.43333334,0.46666667,-0.2,0.2,0.2,0.13333334,0.06666667,0.43646085,0.5324294,0.60730344,0.600419,0.5775472,0.56353915,0.46757063,0.39269656,0.399581,0.4224528,-0.1270783,0.064858735,0.21460685,0.200838,0.15509441,1.289681,1.2660009,1.1318203,1.0635078,0.76616573,0.29787794,0.253116,0.39595714,0.565617,0.51702017,0.8629742,0.79700595,0.894405,1.441695,1.8336881,0.43834218,0.4168811,0.5136846,0.52547884,0.5125628,0.5616578,0.5831189,0.48631546,0.47452113,0.4874372,-0.1233156,-0.16623779,0.027369102,0.05095773,0.025125625
SZ002001,0.11132245351816528,1.0,,2026-04-24,-0.0048613003,0.032313336,-0.15044254,0.016299669,0.5044254,0.011152368,0.34513205,-0.010008601,-0.30973592,1.0048851,1.0212643,0.98879313,1.0068624,1.0399426,1.0514371,0.9761511,1.1293082,0.789941,0.99494165,1.0343672,1.0311779,1.0248563,0.95623076,0.010529385,0.045811385,0.040336333,0.041918427,0.103801504,0.0018967275,-0.013357759,-0.00016467927,0.00035584727,0.0047913375,0.081122965,0.7793488,0.00058338203,0.005584947,0.64983946,0.001264911,0.025742747,-0.029613452,-0.03001606,-0.09757521,1.0402294,1.1149418,1.1149418,1.1477035,1.1548828,0.9683887,0.9683887,0.9646549,0.9419562,0.7471261,1.0016087,1.0841943,1.064484,1.0626457,1.0431048,0.98505706,0.995746,0.99224114,0.98655033,0.84936786,0.8,0.4,0.4,0.46666667,0.65,0.4400198,0.21569875,0.23518409,0.28211206,0.6201588,0.2,0.1,0.55,0.06666667,0.5,0.4,0.7,0.05,0.23333333,0.15,-0.2,-0.6,0.5,-0.16666667,0.35,-0.19792984,0.18272428,0.33405432,0.22502354,0.3426738,-0.61931235,-0.2785203,0.08570498,0.01718838,0.25512764,0.6,0.5,0.55,0.4,0.5833333,0.4,0.5,0.45,0.6,0.41666666,0.2,0.0,0.1,-0.2,0.16666667,0.3325262,0.41022772,0.52065563,0.41399223,0.57947385,0.6674738,0.5897723,0.47934437,0.5860078,0.42052615,-0.33494756,-0.1795446,0.041311264,-0.17201555,0.15894772,1.4092698,1.4967691,1.5927525,1.7051834,1.785918,0.46518928,0.36268875,0.40966913,0.52816457,0.6358305,1.085963,0.7767842,0.8033001,0.95951223,1.1403689,0.3469819,0.46573624,0.4912798,0.44959036,0.49895003,0.6530181,0.5342638,0.5087202,0.5504096,0.50104994,-0.30603617,-0.06852754,-0.017440405,-0.10081926,-0.002099919
SH601689,0.10981690988131403,0.625,,2026-04-24,-0.014583346,0.0314236,-0.464089,0.0036457486,0.11601946,0.013194503,0.41989154,-0.0050345915,-0.1602169,1.0147991,1.0184989,0.98661023,1.0015439,1.0741192,1.0640742,1.0246556,1.134769,1.4696751,1.0385206,1.049159,1.0368693,1.0415975,1.1406615,0.027238194,0.023783553,0.025605373,0.031518567,0.11995015,-0.016589286,-0.004364778,0.0017794274,-0.00055370934,-0.006160231,0.9273395,0.30873242,0.16903101,0.023918418,0.8044374,-0.005342056,-0.029517585,-0.053773858,-0.03356871,0.04106532,1.0822695,1.0866283,1.0866283,1.1308665,1.490434,0.98661023,0.98661023,0.98568726,0.97422075,0.97422075,1.0557948,1.0685183,1.0590214,1.0685183,1.2688379,1.0170459,1.0375009,1.0147933,1.0147933,1.0273342,0.2,0.1,0.1,0.06666667,0.033333335,0.13997358,0.1338735,0.14179303,0.1645703,0.04993912,0.2,0.4,0.7,0.033333335,0.05,1.0,1.0,0.35,0.26666668,0.6333333,-0.8,-0.6,0.35,-0.23333333,-0.5833333,-0.117778234,0.1762495,0.63654435,-0.11868208,0.3606705,-0.48210528,0.39585707,0.6320618,0.5509847,0.3454851,0.0,0.2,0.25,0.3,0.28333333,1.0,0.8,0.75,0.7,0.71666664,-1.0,-0.6,-0.5,-0.4,-0.43333334,0.0,0.29362768,0.46685767,0.3715737,0.30820388,1.0,0.7063723,0.5331423,0.6284263,0.6917961,-1.0,-0.4127446,-0.06628468,-0.25685266,-0.38359222,1.1519005,1.1439732,1.0391446,0.99597365,1.0457867,0.2082731,0.25272742,0.27809677,0.28568786,0.33621457,0.8941748,0.9557446,1.0200405,1.0169793,1.2105182,0.47389108,0.447368,0.47031233,0.52276665,0.46198493,0.5261089,0.552632,0.52968764,0.47723335,0.53801507,-0.052217815,-0.105263986,-0.059375323,0.045533277,-0.076030135
SZ300759,0.10848579913938292,1.0,,2026-04-24,-0.0061224154,0.03265306,-0.18749897,0.012244907,0.3750003,0.014285739,0.43750075,-0.0040815845,-0.12499853,1.0061601,1.0184804,0.9856263,1.0016612,1.0428529,1.0647197,0.8758438,0.97094214,1.0565014,1.0263869,1.0443792,1.0259539,0.98822033,0.9960474,0.019557053,0.02508744,0.047810685,0.06949552,0.059825636,-0.010977402,-0.0069429236,0.003951726,0.0058282805,-0.00021556416,0.7876482,0.702075,0.23910671,0.545091,0.0039598458,-0.00443204,-0.013136049,-0.06349531,-0.07273039,0.010311791,1.0637326,1.0982131,1.0989441,1.0989441,1.0989441,0.9856263,0.9856263,0.8644228,0.85143805,0.85143805,1.0428529,1.0717347,1.052627,1.0471675,1.0470208,1.0109186,1.0263282,1.0109186,0.91350156,0.9294394,0.2,0.1,0.2,0.46666667,0.4,0.18402767,0.12766801,0.57810193,0.6002357,0.6002357,0.2,0.3,0.5,0.6666667,0.8333333,1.0,1.0,0.05,0.23333333,0.6166667,-0.8,-0.7,0.45,0.43333334,0.21666667,-0.8396348,0.44310886,0.22747888,0.6141322,0.33262956,-0.7586529,-0.26701382,0.44000074,0.26195398,0.27925846,0.4,0.4,0.65,0.56666666,0.48333332,0.6,0.6,0.35,0.43333334,0.51666665,-0.2,-0.2,0.3,0.13333334,-0.033333335,0.2170541,0.2877765,0.6636998,0.5263438,0.47273755,0.78294593,0.7122235,0.33630022,0.47365615,0.52726245,-0.5658918,-0.42444697,0.32739955,0.05268768,-0.054524902,0.85126084,1.08493,1.4193753,1.186685,0.9754301,0.1543441,0.33018255,0.586118,0.58697987,0.5067726,0.7077135,0.80351937,1.6932241,1.733418,1.7238573,0.32659364,0.3915608,0.5272803,0.44540912,0.5058449,0.67340636,0.6084392,0.4727197,0.5545909,0.4941551,-0.34681273,-0.21687841,0.05456059,-0.10918176,0.011689804
SZ300033,0.10830401585233365,1.0,,2026-04-24,-0.024710886,0.03768509,-0.65572053,0.006572422,0.17440379,0.00640178,0.1698757,-0.024881527,-0.66024864,1.025337,1.0320759,0.99343604,1.0018339,1.0540881,1.000787,0.9124546,0.9991998,1.1112125,1.0533261,1.0470947,0.99138856,0.9830491,1.0122565,0.03568953,0.02629323,0.064114355,0.0554583,0.059649784,-0.019998617,9.122724e-05,0.009151399,0.003555628,-0.0016453788,0.7849796,0.00011035007,0.71307045,0.31856734,0.23206724,-0.013328904,-0.047505245,-0.078326836,-0.034605704,0.036282204,1.1025306,1.1025306,1.1025306,1.1025306,1.1475762,0.99343604,0.9848599,0.89653206,0.89653206,0.89653206,1.0788563,1.0761166,1.0502024,1.0359086,1.0756227,1.0262204,1.0276833,0.9235067,0.9264223,0.9576588,0.2,0.1,0.5,0.6333333,0.46666667,0.060167804,0.12866504,0.5022751,0.5022751,0.41215032,0.2,0.6,0.8,0.8666667,0.033333335,1.0,0.1,0.35,0.56666666,0.78333336,-0.8,0.5,0.45,0.3,-0.75,-0.3624871,-0.34573346,0.67402625,0.57897866,0.41150945,-0.041152995,-0.13140456,0.6039069,0.5454201,0.48135895,0.4,0.6,0.6,0.5,0.45,0.6,0.4,0.4,0.5,0.55,-0.2,0.2,0.2,0.0,-0.1,0.25783613,0.49816102,0.5932134,0.5006097,0.45308062,0.7421639,0.501839,0.40678665,0.4993903,0.5469194,-0.48432773,-0.0036779896,0.18642671,0.0012193825,-0.09383875,1.0648592,1.0490036,0.9115092,0.90794784,0.8719407,0.30532348,0.22875376,0.36397332,0.32443255,0.28291345,0.9947453,0.80299664,1.2448528,1.1919317,1.1239018,0.53002465,0.3962974,0.5010784,0.5160194,0.49580085,0.46997538,0.6037026,0.49892157,0.48398057,0.50419915,0.060049254,-0.20740522,0.0021568593,0.032038864,-0.008398268
SZ001979,0.10393405220673967,1.0,,2026-04-24,-0.027906943,0.03139539,-0.88888663,0.0011628354,0.037038412,0.0023256126,0.07407497,-0.026744166,-0.8518501,1.0287081,1.0299044,0.99760765,1.0064969,1.0590278,0.9557291,1.0399306,1.1354166,1.1675347,1.0270833,1.0219618,1.0016493,1.0342882,1.1213686,0.01580957,0.024125941,0.035721973,0.06110278,0.10467321,-0.0078993095,0.0028251265,0.0021734007,-0.0042441054,-0.0052736723,0.6241346,0.12569521,0.12956177,0.37389708,0.7742034,-0.0112847015,-0.034674864,-0.022296607,0.02725135,0.034204718,1.0635287,1.0769775,1.0769775,1.1996154,1.3282467,0.99760765,0.94535637,0.9327168,0.9327168,0.9327168,1.0359374,1.0359374,1.0317708,1.0708333,1.2119792,1.0229167,1.0104166,0.96423614,0.97326386,1.0213541,0.2,0.2,0.4,0.26666668,0.13333334,0.03629154,0.4151587,0.46640027,0.25209278,0.170109,0.2,0.5,0.75,0.1,0.21666667,1.0,0.1,0.35,0.56666666,0.78333336,-0.8,0.4,0.4,-0.46666667,-0.56666666,-0.5159564,0.03327534,0.063196324,0.016135542,0.36968762,-0.46738067,0.5578189,0.4908353,0.4279638,0.3963591,0.2,0.5,0.3,0.36666667,0.38333333,0.8,0.5,0.65,0.6,0.6,-0.6,0.0,-0.35,-0.23333333,-0.21666667,0.085365,0.6243905,0.4375,0.36868683,0.43112063,0.914635,0.37560952,0.5625,0.6313132,0.56887937,-0.82927,0.24878095,-0.12499998,-0.26262635,-0.13775875,0.8077018,1.0921358,1.1209698,1.0636067,1.2043693,0.14953665,0.47048897,0.37137184,0.3449062,0.45298448,0.9198256,1.1824499,1.1007115,1.0014449,1.4622878,0.27507496,0.5051213,0.51398385,0.523101,0.4903562,0.72492504,0.49487868,0.48601615,0.476899,0.5096438,-0.44985008,0.010242633,0.027967721,0.046201985,-0.019287596
SH688187,0.09998171433512182,1.0,,2026-04-24,-0.007279712,0.024712658,-0.2945742,0.017049827,0.6899228,0.00038312018,0.015502993,-0.023946417,-0.968994,1.007333,1.024508,0.99961406,1.0081252,0.9895702,0.98885095,0.9892106,1.0798419,1.1154468,1.0055026,0.99616975,0.9901007,1.0022238,1.0599233,0.0038517604,0.013873009,0.015209226,0.028527874,0.06540507,-0.0015105244,0.0034624233,0.0011618242,-0.001644498,-0.003225786,0.38448283,0.5709925,0.20423712,0.257531,0.7419046,-0.002481573,-0.011750674,-0.0011380408,0.021621386,0.035237394,1.024508,1.024508,1.024508,1.0914996,1.1991113,0.9879585,0.96332484,0.9494826,0.9494826,0.9494826,1.0089912,1.0066894,1.0038482,1.0148895,1.1167417,1.0027333,0.98719656,0.9804352,0.9844633,0.9914404,0.2,0.5,0.7,0.56666666,0.28333333,0.32945842,0.5994327,0.67333776,0.35571378,0.20237012,1.0,1.0,1.0,0.033333335,0.083333336,0.2,0.1,0.35,0.56666666,0.78333336,0.8,0.9,0.65,-0.53333336,-0.7,-0.028273439,0.24582614,0.60313785,0.11492547,0.54872584,0.29872438,0.5221937,0.5832585,0.19346076,0.06575577,0.4,0.5,0.45,0.43333334,0.46666667,0.6,0.5,0.55,0.56666666,0.51666665,-0.2,0.0,-0.1,-0.13333334,-0.05,0.6318181,0.54711246,0.52077556,0.4057724,0.44144478,0.36818188,0.45288756,0.47922444,0.5942276,0.55855525,0.26363623,0.09422489,0.0415511,-0.18845522,-0.11711046,0.877019,0.87873966,0.8219514,0.7980955,1.0172517,0.1351521,0.109075055,0.1695193,0.16970032,0.43181264,0.999186,0.70629007,0.8223798,0.8461751,1.2219483,0.57729733,0.5201443,0.5578137,0.49238455,0.47271943,0.42270267,0.4798557,0.4421863,0.50761545,0.52728057,0.15459466,0.040288612,0.11562739,-0.0152309,-0.054561146
SZ000792,0.0995258011223362,0.75,,2026-04-24,0.054678645,0.06877114,0.7950813,0.0104284175,0.15163945,0.0036640738,0.05327924,0.047914304,0.6967211,0.9481561,1.0098878,0.944682,0.9816763,1.0125866,0.9997461,0.9847655,1.0224527,0.9313359,0.9879357,1.0039428,1.0005895,0.9894072,0.9668559,0.020956816,0.025533024,0.027248783,0.036728833,0.053735923,-0.0052958047,-0.0060390644,-0.0008188621,0.0010757112,0.001810556,0.15964426,0.5127979,0.03160788,0.06647815,0.34625363,0.02265587,0.023232937,0.0071897437,-0.0050050137,-0.02026731,1.015258,1.0657681,1.0684277,1.0930319,1.0930319,0.944682,0.944682,0.944682,0.8952739,0.8345966,1.001995,1.0294244,1.0294244,1.0159019,1.0197831,0.9760166,0.9875512,0.9788966,0.96779716,0.91294575,0.6,0.4,0.6,0.7,0.73333335,0.7838075,0.45684847,0.44702995,0.5295668,0.6400186,0.2,0.5,0.05,0.033333335,0.51666665,1.0,1.0,1.0,0.16666667,0.2,-0.8,-0.5,-0.95,-0.13333334,0.31666666,-0.19588925,0.46706748,0.59292287,0.3230282,0.29431206,0.26245603,0.49541637,0.450154,0.4020797,0.4007437,0.2,0.4,0.5,0.5,0.51666665,0.8,0.6,0.5,0.5,0.48333332,-0.6,-0.2,0.0,0.0,0.033333335,0.44006893,0.5005081,0.5165615,0.48498666,0.52549493,0.55993104,0.4994919,0.48343852,0.51501334,0.47450507,-0.11986212,0.0010162228,0.033122968,-0.030026648,0.05098987,0.76599455,0.86825085,0.8632796,0.9024072,0.8882591,0.16448392,0.16401236,0.23687744,0.22354744,0.273909,0.9867834,0.72212696,1.1114316,0.97101784,1.1083628,0.55572975,0.5753738,0.50989234,0.53288305,0.49597943,0.44427028,0.42462614,0.49010766,0.46711695,0.5040206,0.11145944,0.15074769,0.019784683,0.06576609,-0.008041128
SH688472,0.09618581630160788,1.0,,2026-04-24,-0.0030487876,0.022103652,-0.13793139,0.013719428,0.62068605,0.005335436,0.24138257,-0.011432779,-0.51723486,1.0030581,1.0168195,0.9946482,1.0044028,1.0097159,1.0089686,1.0702541,1.2272048,1.2316891,1.0068759,1.0131539,1.0077728,1.0523667,1.1100398,0.012938582,0.01266981,0.027200757,0.071304,0.096504316,-0.006801187,-0.0032431898,-0.00026523712,-0.0064798803,-0.004540208,0.6907741,0.6006423,0.0033279336,0.64004105,0.6750841,0.0067264726,0.0014404416,-0.005252997,0.04159158,0.023896314,1.0346745,1.0482104,1.0937021,1.2339908,1.4027286,0.9863063,0.9863063,0.94895315,0.94895315,0.94895315,1.0204782,1.0233183,1.0233183,1.1295965,1.1892376,0.9967115,0.9994021,0.9890881,0.9967115,1.0180867,0.6,0.3,0.4,0.26666668,0.13333334,0.28311402,0.22120841,0.35265785,0.17908812,0.11249368,0.2,0.1,0.05,0.033333335,0.05,0.6,0.8,0.35,0.56666666,0.78333336,-0.4,-0.7,-0.3,-0.53333336,-0.73333335,-0.8682144,-0.5127708,0.36997804,0.7701061,0.7338645,-0.87146574,-0.31977174,0.2930593,0.34666073,0.51332366,0.4,0.4,0.4,0.3,0.4,0.6,0.6,0.6,0.7,0.6,-0.2,-0.2,-0.2,-0.4,-0.2,0.38596615,0.46153885,0.4175439,0.32528737,0.43415463,0.6140338,0.53846115,0.5824561,0.67471266,0.5658454,-0.22806768,-0.07692231,-0.16491225,-0.3494253,-0.13169071,1.0733428,1.0341262,1.0231146,1.2866801,1.4593294,0.28157908,0.2059137,0.25704846,0.5437846,0.74094224,1.2440907,0.7648968,0.9757497,0.78370166,1.5734581,0.49834907,0.5260996,0.47881293,0.41863194,0.49145523,0.5016509,0.4739004,0.52118707,0.581368,0.50854474,-0.0033018312,0.052199192,-0.042374134,-0.16273609,-0.017089533
SZ000776,0.09602035209332138,1.0,,2026-04-24,-0.014392021,0.0332506,-0.43283492,0.006451621,0.19403021,0.012406957,0.37313485,-0.0084366845,-0.2537303,1.0146022,1.021148,0.98741186,0.9961127,1.0125791,0.9501524,0.91241497,0.9814048,1.136495,1.0129073,1.0041957,0.96047735,0.9574654,1.0119385,0.012301795,0.015495467,0.04768948,0.041423067,0.07239353,-0.00050004036,0.0036333352,0.0072516836,0.0022871646,-0.0031648288,0.0041306005,0.50397974,0.80928326,0.23627189,0.582909,-0.0119071845,-0.02054565,-0.02936837,0.009370692,0.08142402,1.0393094,1.0393094,1.0393094,1.0393094,1.1631473,0.98741186,0.9366148,0.88928777,0.88928777,0.88928777,1.0239081,1.0155169,1.0033284,1.0002031,1.0813969,1.0008125,0.99768734,0.91191494,0.9150559,0.9387296,0.2,0.35,0.675,0.78333336,0.45833334,0.24255756,0.6172205,0.73797536,0.73797536,0.40426645,0.6,0.8,0.9,0.93333334,0.11666667,1.0,0.1,0.35,0.56666666,0.78333336,-0.4,0.7,0.55,0.36666667,-0.6666667,0.6058085,-0.39590096,0.623048,0.54101515,0.2771056,0.70868343,0.50426847,0.64790535,0.41128972,0.22500189,0.4,0.7,0.55,0.46666667,0.4,0.6,0.3,0.45,0.53333336,0.5833333,-0.2,0.4,0.1,-0.06666667,-0.18333334,0.40473384,0.69403887,0.6389096,0.5197806,0.41487187,0.59526616,0.30596113,0.36109042,0.4802194,0.5851281,-0.19053236,0.3880777,0.2778192,0.0395612,-0.17025629,0.907336,1.1082156,0.91800827,0.86642134,0.84589964,0.2053136,0.3114292,0.3845632,0.36413804,0.35489866,0.99250937,0.82233065,1.0100642,1.0076594,1.1003577,0.46202826,0.38340035,0.5266858,0.5312503,0.50372404,0.53797174,0.6165996,0.47331426,0.46874973,0.49627596,-0.07594346,-0.2331993,0.053371496,0.06250055,0.007448078
SZ000807,0.09586258692371534,1.0,,2026-04-24,0.005000008,0.042058825,0.11888131,0.019117638,0.45454526,0.017941177,0.42657346,0.0038235465,0.09090949,0.99502486,1.0190226,0.977173,1.0008315,1.0731919,1.0126015,0.8232613,1.0313057,0.9616802,1.0034634,1.0212284,0.9869883,0.95121586,0.95568055,0.016658979,0.030207796,0.057882465,0.081951715,0.06675767,-0.00805626,-0.0044298708,0.0068673263,0.005961775,0.0005115527,0.5846692,0.19713126,0.49266234,0.41014442,0.017909281,0.0126491105,-0.0012939937,-0.052227877,-0.037661605,0.02922863,1.0565084,1.0778745,1.0778745,1.0778745,1.1188179,0.97307104,0.97307104,0.81359875,0.77933645,0.77933645,1.0101525,1.0466495,1.0308698,1.0170556,1.0093045,0.99637014,1.0011729,0.93520904,0.8494709,0.9119239,0.4,0.2,0.45,0.6,0.71666664,0.32274476,0.25694725,0.70532846,0.739147,0.6500017,0.2,0.5,0.75,0.8333333,0.1,0.8,0.9,0.05,0.26666668,0.6333333,-0.6,-0.4,0.7,0.56666666,-0.53333336,0.2038442,0.04412544,-0.0814989,-0.16399197,0.20261507,0.3132657,0.20899318,0.6584869,0.50414526,0.4391512,0.2,0.4,0.55,0.43333334,0.48333332,0.8,0.6,0.45,0.56666666,0.5,-0.6,-0.2,0.1,-0.13333334,-0.016666668,0.16576208,0.47488153,0.65693176,0.48127785,0.5117953,0.83423793,0.52511847,0.34306827,0.5187221,0.48820472,-0.66847587,-0.050236925,0.3138635,-0.037444267,0.023590568,0.66842544,0.6358832,0.7107207,0.75777024,0.8503356,0.21344507,0.15570927,0.229113,0.22370015,0.33323798,0.7303986,0.7852885,1.1889148,1.0167098,1.1406664,0.73153955,0.64372724,0.56167746,0.494995,0.51004225,0.26846045,0.35627276,0.43832254,0.505005,0.48995775,0.4630791,0.2874545,0.12335491,-0.010010006,0.02008451
SH600346,0.09556914381110154,1.0,,2026-04-24,-0.020066913,0.047240786,-0.4247794,0.009197311,0.19469003,0.017976563,0.38053057,-0.011287659,-0.23893884,1.0204779,1.0298635,0.9816553,1.0013758,0.99532205,0.9880824,0.9014665,0.9590496,1.1220345,1.0295378,1.0105513,0.9822016,0.960865,1.0124874,0.02416351,0.035034962,0.04370208,0.052277997,0.073588245,-0.0066604796,0.006989216,0.0062622484,0.0043381737,-0.00247672,0.18994635,0.3648086,0.71866155,0.533676,0.34549096,-0.016216805,-0.04200279,-0.041692954,-0.023768561,0.06057577,1.0712585,1.0712585,1.0712585,1.0712585,1.1629841,0.9816553,0.9334584,0.88865685,0.8451611,0.8451611,1.0438685,1.0371413,1.0184593,1.0020493,1.0834602,1.0126528,0.990711,0.9420754,0.9160497,0.94275844,0.2,0.4,0.7,0.8,0.46666667,0.20473227,0.48288462,0.6097595,0.68483245,0.48718596,0.4,0.7,0.85,0.9,0.05,1.0,0.1,0.05,0.26666668,0.6333333,-0.6,0.6,0.8,0.6333333,-0.5833333,0.44473517,-0.18617725,0.40824834,-0.046999685,0.19070815,0.18038698,-0.15098122,0.02152977,0.09723237,0.0047860267,0.4,0.5,0.6,0.53333336,0.51666665,0.6,0.5,0.4,0.46666667,0.48333332,-0.2,0.0,0.2,0.06666667,0.033333335,0.5176274,0.5190776,0.5966215,0.52605224,0.4613903,0.48237258,0.4809224,0.4033785,0.47394776,0.5386097,0.035254814,0.038155187,0.19324303,0.052104466,-0.07721943,1.0196574,1.1230783,0.987238,1.1308348,1.3439139,0.24872999,0.25786147,0.2664076,0.39657843,0.5094817,0.68165034,0.5086738,0.67940366,0.8796367,1.2203429,0.5529244,0.5413649,0.5280516,0.4358526,0.4943866,0.44707564,0.4586351,0.47194836,0.5641474,0.5056134,0.10584874,0.082729794,0.056103278,-0.12829481,-0.011226744
SH600926,0.09529744352147057,1.0,,2026-04-24,-0.0069646584,0.01509002,-0.4615407,0.0017411646,0.115385175,0.0063841976,0.42307413,-0.0023216256,-0.15385172,1.0070136,1.0087669,0.99357104,0.9989256,0.99309736,1.0024494,0.9755066,0.9935427,0.8873303,1.01002,1.0062792,0.99570256,0.99152386,0.97014034,0.0072700265,0.008214782,0.014514005,0.017859694,0.029563922,-0.0026497652,0.00036435708,0.0020873814,0.0009750808,0.0014579496,0.33211064,0.01803324,0.7239309,0.2310122,0.7417555,-0.004720542,-0.007918883,-0.015532695,-0.005662513,-0.01314985,1.0269145,1.0269145,1.0269145,1.0269145,1.0269145,0.97789955,0.97789955,0.9644841,0.9381816,0.8797298,1.0162992,1.011178,1.0091294,1.0074817,1.0007571,1.0057003,0.9990648,0.9833891,0.9769317,0.94811845,0.2,0.3,0.55,0.56666666,0.78333336,0.45089275,0.45089275,0.56888837,0.69668007,0.81713825,0.4,0.7,0.85,0.9,0.95,0.8,0.9,0.1,0.23333333,0.05,-0.4,-0.2,0.75,0.6666667,0.9,-0.5321211,0.049434356,0.24150777,0.032220226,-0.58369964,-0.22018301,-0.06222361,0.10672356,-0.07994445,0.0878631,0.6,0.5,0.65,0.6,0.6,0.4,0.4,0.3,0.36666667,0.38333333,0.2,0.1,0.35,0.23333333,0.21666667,0.5794864,0.48196644,0.60742164,0.5138227,0.6152094,0.42051357,0.51803356,0.39257836,0.48617733,0.38479063,0.15897287,-0.036067147,0.21484326,0.027645342,0.23041877,0.9817443,0.8679544,0.86439556,0.9430983,1.2662246,0.4334193,0.33651492,0.32990095,0.32304376,0.67416656,0.72322154,0.96025246,0.9647343,1.1481249,1.1988593,0.5936738,0.5398373,0.5164809,0.4641588,0.48262748,0.40632617,0.46016273,0.48351908,0.5358412,0.5173725,0.18734765,0.07967455,0.032961845,-0.07168241,-0.03474503
SH600875,0.09314381617163092,1.0,,2026-04-24,-0.058569826,0.07014759,-0.83495134,0.003405219,0.048543636,0.008172545,0.116505004,-0.053802498,-0.76699,1.0622137,1.0658307,0.991319,1.011365,1.006043,0.952794,0.88475764,0.9758993,0.65036255,1.0225366,0.99508035,0.9441064,0.93289965,0.8590099,0.02115641,0.042132948,0.06523484,0.057798304,0.13774166,-0.0006611689,0.010317589,0.009913844,0.0042184577,0.006261301,0.0024416358,0.54969805,0.8083379,0.4128373,0.63022906,-0.021214284,-0.041509513,-0.038287893,0.005932682,-0.043718316,1.0911441,1.0911441,1.0911441,1.0911441,1.0943027,0.9792623,0.91202116,0.83799636,0.83799636,0.58381313,1.031409,1.0192947,1.0132234,1.0012085,0.97884256,1.0104649,0.954031,0.88539743,0.8880563,0.6880563,0.2,0.4,0.7,0.8,0.8333333,0.18535364,0.49116474,0.6399571,0.6399571,0.8152702,0.8,0.9,0.95,0.96666664,0.43333334,0.6,0.2,0.35,0.56666666,0.11666667,0.2,0.7,0.6,0.4,0.31666666,0.71862733,0.39379075,0.54996157,0.42755464,0.43407503,0.73521364,0.76663125,0.67410123,0.6237765,0.48994976,0.6,0.5,0.45,0.43333334,0.45,0.4,0.5,0.55,0.56666666,0.55,0.2,0.0,-0.1,-0.13333334,-0.1,0.47698948,0.58663887,0.5982781,0.5130435,0.59490544,0.52301055,0.41336116,0.40172186,0.4869565,0.40509453,-0.046021048,0.17327768,0.19655627,0.026086992,0.1898109,1.0239216,1.0779493,1.0066731,1.0497501,1.1077831,0.30147365,0.29879847,0.34426534,0.31689268,0.40022218,0.8757994,1.3487061,1.2800494,1.0622964,1.0864674,0.44084385,0.4635179,0.52430886,0.49420577,0.49668714,0.5591561,0.5364821,0.4756911,0.5057942,0.5033128,-0.11831227,-0.072964214,0.04861777,-0.011588465,-0.006625711
SH601328,0.0890156305278618,1.0,,2026-04-24,-0.0028571358,0.009999976,-0.2857143,0.0014285679,0.14285715,0.0057142717,0.5714286,0.0014285679,0.14285715,1.0028653,1.004298,0.9942694,0.99993116,0.9968388,0.9741834,0.98261327,0.9741834,0.96259224,1.0029504,0.99647,0.99531084,0.99079734,0.97401655,0.004691805,0.008470252,0.010498365,0.012256426,0.020625172,-0.0024236015,0.0020851276,0.0001703414,0.0006062227,0.0009819923,0.667087,0.5555,0.009214358,0.18960005,0.6913865,0.0018967317,-0.0058530457,0.0030708988,0.0004124315,-0.0029853082,1.0181568,1.0181568,1.0212547,1.0212547,1.0212547,0.992461,0.9681432,0.9681432,0.9537839,0.92801994,1.0062171,1.0018967,1.0029504,1.0010537,0.99293995,0.99968386,0.99051636,0.98777664,0.98103267,0.9525817,0.4,0.7,0.65,0.76666665,0.8833333,0.29339436,0.63696265,0.5998096,0.68497926,0.77203023,0.4,0.7,0.15,0.43333334,0.71666664,0.8,0.1,0.55,0.23333333,0.1,-0.4,0.6,-0.4,0.2,0.6166667,0.6734249,0.35111386,0.36628503,-0.22282156,-0.51263225,0.70003676,0.56770796,0.55010015,-0.0017323291,0.09384155,0.4,0.6,0.55,0.6,0.53333336,0.6,0.4,0.4,0.36666667,0.41666666,-0.2,0.2,0.15,0.23333333,0.11666667,0.5555556,0.7378641,0.56734693,0.55819476,0.5435583,0.44444445,0.26213592,0.43265307,0.4418052,0.45644173,0.11111111,0.47572815,0.13469388,0.11638955,0.08711656,1.2300425,1.2233692,1.3510603,1.462562,1.7312413,0.19263117,0.1900039,0.31162676,0.34338203,0.6376228,0.9175338,0.7117885,0.7744028,1.345449,1.2042862,0.45874667,0.4677205,0.4714526,0.48980057,0.46390137,0.5412533,0.5322795,0.5285474,0.5101994,0.53609866,-0.082506664,-0.06455899,-0.057094816,-0.020398837,-0.072197266
SH601995,0.08758124886636338,0.875,,2026-04-24,-0.007062951,0.013537356,-0.5217379,0.00323717,0.23912868,0.0032372342,0.23913343,-0.007062887,-0.52173316,1.0071132,1.0103734,0.99673975,1.0019753,1.0037432,0.9824359,0.9556579,1.0123812,1.0477972,1.0063921,1.0017852,0.9831557,0.98552644,1.006181,0.005236148,0.0075619854,0.020993948,0.021942971,0.026790168,8.6383436e-05,0.0018532588,0.0031040749,0.0003465481,-0.001080218,0.00068042,0.55056924,0.7651458,0.019330269,0.4958745,-0.006564921,-0.010124847,-0.012644466,0.009448633,0.02568544,1.0194855,1.0194855,1.0194855,1.0222038,1.0503454,0.99673975,0.9724273,0.9460884,0.9460884,0.9460884,1.0110567,1.0065073,1.0040311,1.0061042,1.0282753,1.0025338,0.9945868,0.9615894,0.9615894,0.9745465,0.2,0.4,0.7,0.6,0.3,0.14333503,0.58592784,0.7345199,0.7082873,0.5171031,0.8,0.9,0.95,0.1,0.05,1.0,0.1,0.35,0.56666666,0.78333336,-0.2,0.8,0.6,-0.46666667,-0.73333335,0.84891766,0.57984936,0.55759996,0.53751785,0.5945585,0.8746076,0.584297,0.7372716,0.3604734,0.28374436,0.6,0.6,0.5,0.5,0.45,0.4,0.4,0.5,0.5,0.53333336,0.2,0.2,0.0,0.0,-0.083333336,0.41772196,0.65968615,0.6318495,0.47645128,0.44384307,0.5822781,0.34031385,0.3681505,0.5235487,0.55615693,-0.1645561,0.31937233,0.26369902,-0.047097433,-0.11231385,1.1034961,1.0808353,1.021561,1.1358901,1.3741515,0.23941323,0.24285993,0.36496443,0.4075529,0.55582726,0.9725706,0.9720343,1.1821594,1.4217566,1.2832179,0.5169897,0.3448279,0.5193222,0.5023835,0.48654306,0.4830103,0.6551721,0.4806778,0.49761653,0.51345694,0.03397942,-0.3103442,0.038644385,0.004766964,-0.026913857
SH600048,0.08750859319544729,1.0,,2026-04-24,-0.017123258,0.029109582,-0.5882344,0.0034246643,0.11764731,0.008561661,0.2941183,-0.011986262,-0.41176343,1.0174216,1.0209059,0.9912892,1.0019537,1.0575122,0.97559685,1.0244031,1.1132436,1.1324364,1.0261575,1.0298179,1.0116047,1.0342237,1.1047816,0.015931308,0.018321257,0.029020287,0.046457786,0.083124764,-0.008719151,-0.0006879209,0.0018073975,-0.0029658335,-0.0041725156,0.74883384,0.0129234325,0.13576004,0.31584805,0.7684841,-0.00871917,-0.02672229,-0.028774915,0.008780898,0.018307554,1.0557967,1.073192,1.073192,1.1585466,1.2700646,0.9912892,0.96518326,0.95295846,0.95295846,0.95295846,1.0359318,1.0401002,1.0352328,1.0606515,1.1846721,1.0181507,1.0181507,0.9895792,0.9972431,1.025775,0.2,0.2,0.4,0.26666668,0.13333334,0.13503568,0.3223514,0.39125144,0.22881448,0.14834633,0.2,0.5,0.75,0.033333335,0.21666667,1.0,0.1,0.35,0.56666666,0.78333336,-0.8,0.4,0.4,-0.53333336,-0.56666666,-0.334036,-0.023237634,-0.012468916,0.3875377,0.6405105,-0.645256,0.3007711,0.15422365,0.07912813,0.30597565,0.2,0.5,0.45,0.43333334,0.4,0.8,0.5,0.55,0.53333336,0.55,-0.6,0.0,-0.1,-0.1,-0.15,0.07669925,0.57960415,0.46063837,0.37913573,0.43807057,0.92330074,0.42039585,0.5393616,0.6208643,0.5619294,-0.8466015,0.15920831,-0.07872323,-0.24172854,-0.12385886,0.8198053,1.0883838,0.99696976,1.0798572,1.559673,0.2121339,0.41253603,0.33976075,0.38699576,0.9577777,0.82655364,1.0712409,1.0284747,0.97653615,1.3837211,0.3232896,0.52217853,0.5153044,0.4960884,0.4843968,0.6767104,0.47782147,0.4846956,0.5039116,0.51560324,-0.35342082,0.04435705,0.030608743,-0.0078232335,-0.031206442
SH603986,0.0859207587298999,0.875,,2026-04-24,-0.023934461,0.05636068,-0.42466593,0.016393473,0.2908672,0.016032744,0.28446683,-0.02429519,-0.4310663,1.0245214,1.0413169,0.9835741,1.0041767,0.97064316,0.89045906,0.88008064,0.92300975,1.033425,1.0166543,0.975858,0.9119964,0.92969507,0.95811605,0.029915685,0.05322421,0.07696891,0.074073605,0.06857689,0.0043166834,0.015343383,0.011748517,0.0006803907,-0.0016336503,0.05205261,0.76179004,0.8154615,0.006538701,0.17308621,-0.025287567,-0.044903174,-0.023607334,0.060439255,0.0900766,1.0951294,1.0951294,1.0951294,1.0951294,1.1123924,0.9644603,0.8763853,0.79563016,0.79563016,0.79563016,1.0339662,1.0248368,0.98075867,1.004017,1.024763,0.99518967,0.93654025,0.84085816,0.85885286,0.9114228,0.4,0.7,0.85,0.8,0.71666664,0.27198267,0.5651113,0.682372,0.682372,0.64518356,0.8,0.9,0.95,0.96666664,0.3,0.2,0.1,0.15,0.43333334,0.71666664,0.6,0.8,0.8,0.53333336,-0.41666666,0.3690005,-0.2835707,0.22929628,0.2144225,0.0693121,0.18141514,0.40576553,0.09744794,0.2391339,0.2046549,0.6,0.6,0.55,0.53333336,0.46666667,0.4,0.4,0.45,0.46666667,0.53333336,0.2,0.2,0.1,0.06666667,-0.06666667,0.6058046,0.69622827,0.61090636,0.5413586,0.49109444,0.39419538,0.30377176,0.38909364,0.4586414,0.50890553,0.21160927,0.3924565,0.2218127,0.08271716,-0.017811107,1.0794688,1.1387677,1.09956,1.0555464,0.9322788,0.15207194,0.13010626,0.3653314,0.32283127,0.29732972,0.7224193,0.79447067,0.8500792,0.8570533,0.88693035,0.43757492,0.3708907,0.49962986,0.5298562,0.49391526,0.5624251,0.6291093,0.50037014,0.4701438,0.50608474,-0.12485014,-0.2582186,-0.00074028847,0.0597124,-0.012169501
SH601288,0.08344695489709636,1.0,,2026-04-24,0.0014225486,0.011379817,0.12500627,0.0028449337,0.24999821,0.0071123345,0.6249955,0.0056899493,0.5000036,0.99857944,1.0028409,0.99147725,0.9985013,1.0025332,0.9360354,0.92463577,0.94300187,0.9886003,1.0088663,0.9931602,0.9697593,0.96084017,0.9540426,0.010923482,0.024591224,0.032363813,0.030896334,0.025897607,-0.0063964436,0.0058418256,0.0043841414,0.0023654464,0.0004965489,0.85722524,0.517307,0.64227015,0.45426998,0.112125546,0.00392655,-0.019448416,-0.011408644,0.0048608724,0.0313092,1.0352538,1.0352538,1.0352538,1.0352538,1.0352538,0.99147725,0.93022025,0.91215694,0.9090302,0.8989017,1.0200126,1.007473,1.0005066,0.9951868,0.97048765,0.9997467,0.9818872,0.9408486,0.93489546,0.9338822,0.4,0.6,0.8,0.8666667,0.93333334,0.19468798,0.6643572,0.7136095,0.7207039,0.7414506,0.4,0.7,0.85,0.9,0.95,1.0,0.1,0.1,0.3,0.36666667,-0.6,0.6,0.75,0.6,0.5833333,0.6558554,-0.18646869,0.20499197,0.14436756,0.24151361,-0.4443749,0.480057,0.6913441,0.41836548,0.43591264,0.4,0.7,0.5,0.5,0.48333332,0.6,0.3,0.5,0.5,0.51666665,-0.2,0.4,0.0,0.0,-0.033333335,0.47058812,0.7919077,0.6657383,0.5855514,0.5092214,0.52941185,0.20809224,0.3342617,0.41444862,0.49077863,-0.058823753,0.5838155,0.33147663,0.17110273,0.018442744,1.319724,1.6668768,1.6980532,1.7638022,1.9096227,0.22820567,0.5094015,0.6002492,0.60119534,0.69452375,1.0287269,1.0344353,1.2175697,1.2590806,1.2604574,0.09679831,0.48184118,0.49299255,0.49773225,0.47208336,0.9032017,0.51815885,0.5070074,0.5022678,0.5279166,-0.8064034,-0.03631766,-0.014014897,-0.004535524,-0.055833254
SH688506,0.08314055577359603,0.875,,2026-04-24,-0.012103427,0.034154173,-0.35437626,0.01634676,0.47861677,0.0057039848,0.16700697,-0.022746203,-0.66598606,1.0122517,1.0287987,0.99422616,1.0111407,1.050521,1.0694972,0.89776087,0.9083579,1.0667511,1.0301296,1.0516969,1.059474,1.0171654,0.9914354,0.023186784,0.03292795,0.04679295,0.0727379,0.0668433,-0.014230375,-0.007824332,-0.00062423723,0.00537939,0.0015206548,0.9416547,0.51757896,0.00622883,0.42388317,0.15785027,-0.0016687573,-0.016487395,-0.053543713,-0.09516653,-0.03629474,1.1019573,1.1086465,1.1637446,1.1637446,1.1637446,0.99422616,0.99422616,0.8907196,0.8907196,0.8492818,1.0449302,1.0651598,1.102049,1.0910999,1.051204,1.0098014,1.0345021,1.0117307,0.94580334,0.9340938,0.2,0.1,0.15,0.43333334,0.5833333,0.053595114,0.050461866,0.40025803,0.40025803,0.47928804,0.4,0.3,0.25,0.5,0.75,1.0,1.0,0.05,0.06666667,0.41666666,-0.6,-0.7,0.2,0.43333334,0.33333334,-0.23952428,0.3109314,0.16108693,0.5680802,0.3873978,-0.380093,-0.06470384,0.6401073,0.6379421,0.46399835,0.2,0.2,0.35,0.36666667,0.35,0.8,0.8,0.65,0.6333333,0.65,-0.6,-0.6,-0.3,-0.26666668,-0.3,0.09209733,0.31004626,0.5818121,0.5566387,0.4783096,0.90790266,0.68995374,0.41818792,0.44336128,0.52169037,-0.8158053,-0.37990752,0.16362417,0.11327742,-0.04338077,1.077338,1.2209238,1.3712838,1.2336963,1.1608201,0.14263326,0.3134487,0.3856686,0.38267246,0.36602762,0.90454626,1.2728612,1.487564,1.5872731,1.4370676,0.1915685,0.44786263,0.5085913,0.49771455,0.5048584,0.8084315,0.5521374,0.4914087,0.5022854,0.4951416,-0.616863,-0.10427472,0.017182589,-0.0045708953,0.00971679
SH600039,0.0826439131075484,1.0,,2026-04-24,0.002004033,0.0170341,0.1176483,0.013026095,0.7647069,0.002003973,0.11764478,-0.009018089,-0.5294138,0.99799997,1.013,0.996,1.0060015,0.967004,0.9410093,0.9909885,0.986968,1.0329959,0.9979897,0.97349924,0.9702447,0.9724941,0.98071194,0.0065340376,0.02847343,0.027163934,0.025058653,0.025538519,0.0032094775,0.0090699,0.00074869854,-0.00014681222,-0.0002887237,0.60317796,0.93011546,0.026588675,0.0026601776,0.038982823,-0.004408689,-0.014313787,0.02264266,0.029634664,0.027805438,1.0279894,1.0279894,1.0279894,1.0279894,1.0630203,0.9649687,0.91502583,0.91502583,0.91502583,0.91502583,1.0015805,1.0001941,1.0001941,0.9983918,1.0009705,0.99578536,0.94862056,0.9454041,0.9483849,0.9607792,0.6,0.8,0.8,0.8333333,0.78333336,0.5558695,0.7522261,0.7522261,0.7522261,0.5741712,0.4,0.7,0.85,0.9,0.43333334,0.2,0.1,0.55,0.7,0.85,0.2,0.6,0.3,0.2,-0.41666666,-0.6467726,0.18750937,0.036311977,-0.0034479934,0.1529961,0.6609669,0.12665771,-0.2634829,-0.26650456,-0.19014353,0.8,0.8,0.6,0.56666666,0.51666665,0.2,0.2,0.35,0.36666667,0.43333334,0.6,0.6,0.25,0.2,0.083333336,0.9020274,0.7920388,0.51767266,0.51498246,0.47950396,0.09797255,0.20796117,0.48232734,0.48501757,0.5204961,0.8040549,0.58407766,0.035345294,0.029964877,-0.04099208,1.0944518,1.0136116,1.0524727,1.0713552,1.129944,0.21835725,0.19355075,0.29106984,0.2513889,0.36463898,1.0007063,0.7221831,1.5623702,1.2594936,1.222,0.6057624,0.5261013,0.49011466,0.5135959,0.4975726,0.39423758,0.47389868,0.5098854,0.48640412,0.5024274,0.21152486,0.052202623,-0.019770686,0.027191766,-0.004854794
SH600893,0.08191160407602198,1.0,,2026-04-24,-0.025208464,0.03930128,-0.64141583,0.00535928,0.136364,0.008733536,0.22222014,-0.021834208,-0.55555975,1.0258603,1.0313582,0.9910406,1.0048888,1.0134225,1.0478591,0.97740674,1.1345886,0.9515336,1.0046281,1.0201033,1.0093836,1.0190263,1.052644,0.016273936,0.021658767,0.026734045,0.043221578,0.089117564,-0.00017613987,-0.0056958287,0.0015269569,-0.0014943366,-0.00052470795,0.00029286678,0.63395417,0.11418058,0.09263975,0.010573251,-0.0042757555,0.0055279387,-0.023889676,0.002641609,-0.03716516,1.0645437,1.0674034,1.0681928,1.1401037,1.2986689,0.9673877,0.9673877,0.93256104,0.93256104,0.9175367,1.0192287,1.0422351,1.0330398,1.0454054,1.1506226,0.99112064,0.9983723,0.9896144,0.9862497,0.98799884,0.6,0.3,0.45,0.4,0.36666667,0.3356695,0.32607177,0.4972209,0.32494032,0.2163641,0.8,0.2,0.25,0.06666667,0.46666667,0.6,0.8,0.35,0.56666666,0.13333334,0.2,-0.6,-0.1,-0.5,0.33333334,0.6953039,0.0013995396,0.06080867,-0.09040009,0.32945558,0.85361195,0.75812584,0.34780207,0.17257878,0.4640535,0.4,0.2,0.4,0.4,0.45,0.6,0.8,0.6,0.6,0.55,-0.2,-0.6,-0.2,-0.2,-0.1,0.4304588,0.31725374,0.52879244,0.4081107,0.5122265,0.56954116,0.6827463,0.47120753,0.59188926,0.4877735,-0.13908236,-0.36549252,0.057584938,-0.18377855,0.024453003,1.2389386,1.0848355,1.1700766,1.1714998,1.5563905,0.5543412,0.41511485,0.40961677,0.35311952,0.61291176,1.1361328,1.440733,1.3794532,1.0727798,1.1228853,0.5339768,0.44239014,0.49144492,0.45417368,0.46621165,0.4660232,0.55760986,0.5085551,0.5458263,0.5337884,0.06795359,-0.115219735,-0.017110191,-0.09165261,-0.06757673
SH600026,0.0818401636419438,1.0,,2026-04-24,-0.004215417,0.02341924,-0.17999803,0.010304515,0.44000214,0.008899307,0.37999982,-0.005620626,-0.24000035,1.0042332,1.0145814,0.991063,1.0015856,1.0325465,1.1341615,1.1242236,1.0568944,0.67826086,1.0280745,1.0410932,1.0914907,1.1036522,0.9946087,0.02336593,0.024920318,0.07014362,0.06602955,0.16882817,-0.014012423,-0.007194433,-0.006618596,-0.0032057704,0.007290003,0.8990842,0.7640072,0.3116187,0.18267952,0.56867665,-4.9696646e-05,-0.008718232,-0.028614026,-0.05716851,-0.2096638,1.0715122,1.1328603,1.2700827,1.2781086,1.2781086,0.991063,0.991063,0.991063,0.991063,0.6661559,1.0489938,1.0577391,1.1470808,1.1692423,1.1262112,1.0071553,1.0260372,1.0341367,1.0389565,0.7852422,0.2,0.1,0.05,0.033333335,0.36666667,0.11108845,0.06302643,0.032029923,0.03113436,0.5455391,0.4,0.1,0.4,0.3,0.65,1.0,1.0,1.0,1.0,0.033333335,-0.6,-0.9,-0.6,-0.7,0.6166667,0.31602824,0.5011716,0.5622241,0.653074,0.6345513,-0.3473879,0.004109925,0.014498261,0.39688224,0.31643966,0.4,0.2,0.35,0.36666667,0.5,0.6,0.8,0.65,0.6333333,0.48333332,-0.2,-0.6,-0.3,-0.26666668,0.016666668,0.2794616,0.11756394,0.38677537,0.47213432,0.57470864,0.7205384,0.88243604,0.6132246,0.5278657,0.42529133,-0.4410768,-0.76487213,-0.22644927,-0.05573136,0.14941733,1.3915644,1.5255402,1.8578923,2.0858407,2.1957424,0.395491,0.33794296,0.48073277,0.5677687,1.0198119,0.7293159,0.9547818,0.952444,1.0475874,1.1457895,0.3253699,0.34445357,0.41763505,0.44665566,0.5036865,0.6746301,0.6555464,0.582365,0.55334437,0.4963135,-0.34926018,-0.31109285,-0.1647299,-0.10668868,0.0073729856
SZ002460,0.08179071303215354,0.875,,2026-04-24,0.063039355,0.079925,0.7887313,0.015884984,0.19874862,0.0010006675,0.01252008,0.048155036,0.60250276,0.9406989,1.014943,0.93975765,0.97816354,0.98905385,0.98811316,0.85221386,0.8177437,0.8278575,0.9722541,0.9855843,0.9641102,0.91198313,0.8616207,0.02188614,0.026893053,0.032565296,0.08120164,0.080779955,0.0012710966,-0.004358803,0.0032876288,0.008015021,0.0033971083,0.008432548,0.24080509,0.35671675,0.7550599,0.5394005,0.025203703,0.03403029,0.0046573207,-0.028200924,0.038164563,1.014943,1.0410603,1.0410603,1.0410603,1.0410603,0.9295208,0.9295208,0.8411563,0.7427919,0.71761507,0.98465705,1.001435,0.9898063,0.98227966,0.9450709,0.96189725,0.9672863,0.93815523,0.8220489,0.7891987,1.0,0.8,0.9,0.93333334,0.96666664,0.825069,0.63187623,0.79459965,0.8623375,0.87305313,1.0,0.2,0.6,0.73333335,0.8666667,0.8,0.9,0.05,0.16666667,0.2,0.2,-0.7,0.55,0.56666666,0.6666667,0.82647395,0.47764888,0.31073806,0.63173795,0.7144406,0.8327293,0.059984617,0.53964025,0.47914618,0.38832206,0.4,0.5,0.5,0.56666666,0.53333336,0.6,0.5,0.5,0.43333334,0.46666667,-0.2,0.0,0.0,0.13333334,0.06666667,0.54392403,0.51945084,0.6332282,0.620285,0.56601626,0.456076,0.48054916,0.36677182,0.37971506,0.43398374,0.08784804,0.03890166,0.2664564,0.2405699,0.13203253,0.7547145,0.876893,0.8768171,0.7791727,0.64631987,0.15303788,0.18212739,0.22365397,0.25273317,0.2635924,1.1102468,0.90947765,1.1300119,1.169716,1.2504323,0.527121,0.4773289,0.5235795,0.5575706,0.51478225,0.47287896,0.5226711,0.4764205,0.44242942,0.48521775,0.05424206,-0.045342214,0.047159,0.11514116,0.029564526
SZ300979,0.07656496066497905,1.0,,2026-04-24,-0.015366412,0.020331005,-0.75581175,0.003782547,0.18604821,0.0011820459,0.058140066,-0.017966913,-0.88371986,1.0156062,1.0194478,0.9987995,1.0047786,1.0294489,1.0418595,1.0405974,1.1493479,1.221077,1.0230122,1.0259781,1.0420278,1.0598162,1.1126981,0.015203907,0.011619559,0.02014625,0.040174376,0.06405995,-0.009108126,-0.0016534706,-0.002447958,-0.0036168357,-0.003376481,0.89719677,0.18562017,0.51675844,0.6281466,0.8473352,-0.004795967,-0.018537516,-0.01877217,-0.007372181,-0.013091893,1.0531389,1.0531389,1.0865725,1.1689799,1.2329376,0.9987995,0.9987995,0.9987995,0.9987995,0.9987995,1.0368111,1.0368111,1.0635254,1.0803534,1.17358,1.0154817,1.0200253,1.0237695,1.0318048,1.041607,0.2,0.1,0.05,0.033333335,0.016666668,0.022092525,0.022092525,0.013677252,0.007054241,0.0051272865,0.4,0.7,0.45,0.1,0.18333334,1.0,1.0,1.0,1.0,1.0,-0.6,-0.3,-0.55,-0.9,-0.81666666,-0.36662757,-0.3212392,-0.4159327,0.061900996,0.47133774,-0.3013334,0.10165107,-0.09397315,-0.1580934,-0.100472644,0.2,0.3,0.35,0.36666667,0.41666666,0.6,0.6,0.6,0.6,0.55,-0.4,-0.3,-0.25,-0.23333333,-0.13333334,0.16666713,0.27539504,0.3919373,0.29988727,0.3619648,0.83333284,0.72460496,0.6080627,0.70011276,0.63803524,-0.66666573,-0.4492099,-0.21612541,-0.4002255,-0.27607045,0.7576835,0.7481419,0.70712537,0.7424142,0.93282604,0.18252803,0.14099076,0.3852607,0.36819792,0.4608663,1.095965,0.83373106,1.3249154,1.2573414,1.0627791,0.696737,0.30114233,0.5500264,0.52101004,0.48601672,0.303263,0.69885767,0.4499736,0.47898996,0.51398325,0.39347398,-0.39771533,0.10005279,0.042020112,-0.027966531
SZ000630,0.07526991559868643,1.0,,2026-04-24,0.009630852,0.030497594,0.31579056,0.008025657,0.26315707,0.012841084,0.42105237,0.014446279,0.47368586,0.990461,1.0079491,0.97774243,0.989818,1.0222989,0.96822655,0.9189175,1.1367253,0.98728013,1.0203623,1.0124215,0.97800195,0.97961855,1.0882319,0.018517766,0.016951459,0.0405829,0.052022643,0.13058196,-0.009699543,0.0019640545,0.0059776884,0.00075843884,-0.0053760386,0.68590724,0.12305646,0.7593612,0.016472442,0.5169616,-0.0009631486,-0.021259718,-0.034790017,0.0093840705,0.07036118,1.0604482,1.0604482,1.0604482,1.1446983,1.4611076,0.97774243,0.961856,0.9014307,0.8807653,0.8807653,1.0369033,1.0276695,1.0108249,1.027031,1.2067106,1.0012982,0.9993718,0.9306846,0.92655987,0.9634736,0.2,0.3,0.65,0.6333333,0.33333334,0.26911774,0.3868868,0.6198647,0.4517613,0.20545582,0.8,0.9,0.95,0.033333335,0.1,1.0,0.1,0.05,0.23333333,0.6166667,-0.2,0.8,0.9,-0.2,-0.51666665,0.065412134,-0.028966932,0.5497548,0.22075973,0.6729956,-0.30176556,0.038851306,0.5973967,0.10955997,0.39722484,0.4,0.6,0.55,0.43333334,0.46666667,0.6,0.4,0.45,0.56666666,0.53333336,-0.2,0.2,0.1,-0.13333334,-0.06666667,0.35390985,0.6041167,0.6185883,0.3966445,0.5029629,0.64609015,0.39588332,0.38141167,0.60335547,0.49703708,-0.2921803,0.20823337,0.23717666,-0.20671098,0.005925817,1.1987444,1.2419437,1.1476597,1.3346478,2.1894715,0.25279033,0.22074439,0.28552717,0.41450003,1.5355643,0.956211,0.68216616,1.0628442,1.0538585,1.6183412,0.36040178,0.49954674,0.48375437,0.49053437,0.48581776,0.63959825,0.5004533,0.5162456,0.50946563,0.5141822,-0.27919647,-0.0009065343,-0.032491256,-0.018931275,-0.028364474
SH688271,0.07345610400396001,1.0,,2026-04-24,-0.011179877,0.02106984,-0.53061044,0.0015480455,0.073472105,0.008341917,0.39591745,-0.004386006,-0.20816512,1.0113063,1.0128719,0.99156374,1.0023019,0.98262,0.99143976,0.9714656,1.052486,1.1518375,1.0083873,0.9991959,0.9916861,0.99628186,1.0529962,0.0083397515,0.012142612,0.015342103,0.020812009,0.06297734,3.458552e-05,0.002770633,0.0014783383,-0.00048225647,-0.0032648402,4.299544e-05,0.47724923,0.32497197,0.041613076,0.81970036,-0.0084565375,-0.011663705,-0.0057303472,0.010710832,0.043316673,1.0284415,1.0284415,1.0284415,1.0508341,1.1810703,0.98261213,0.97453195,0.9480895,0.9480895,0.9480895,1.0149935,1.0124686,1.0006918,1.0124686,1.1179594,0.9997752,0.98967576,0.9813057,0.9813057,0.99137056,0.4,0.7,0.8,0.7,0.35,0.37940353,0.4724211,0.6460381,0.50523835,0.22281024,0.8,0.9,0.95,0.033333335,0.05,0.2,0.1,0.35,0.56666666,0.78333336,0.6,0.8,0.6,-0.53333336,-0.73333335,-0.073938526,0.35365996,0.5735438,0.30264938,0.5281398,0.4723834,0.39954853,0.64354306,0.29557315,0.21784875,0.6,0.5,0.45,0.4,0.4,0.4,0.5,0.5,0.56666666,0.5833333,0.2,0.0,-0.05,-0.16666667,-0.18333334,0.65581375,0.5413532,0.54963905,0.43717661,0.4087508,0.34418625,0.4586468,0.45036095,0.5628234,0.59124917,0.3116275,0.0827064,0.09927808,-0.12564678,-0.1824984,1.0811961,0.9967107,0.94184095,0.9330093,1.0959864,0.22951443,0.18940379,0.20298049,0.19920594,0.42955327,0.74562705,0.684505,1.0388465,0.93585193,1.027938,0.49321765,0.48961982,0.52893096,0.5163692,0.475038,0.50678235,0.5103802,0.47106904,0.48363075,0.524962,-0.01356469,-0.020760372,0.057861913,0.032738503,-0.049923997
SH601658,0.0720784132946093,1.0,,2026-04-24,-0.003846148,0.007692296,-0.5,0.0,0.0,0.003846148,0.5,0.0,0.0,1.003861,1.003861,0.996139,0.9998018,0.97872335,0.96595746,0.987234,0.9773049,0.98156023,1.0014184,0.98921984,0.98546094,0.9837352,0.9806146,0.003752805,0.014187549,0.0126608005,0.013527125,0.01411853,-0.00042553316,0.0040232115,0.0008414655,0.00041590742,0.00010948703,0.032143626,0.73712724,0.15460315,0.073262885,0.018341983,-0.0005673396,-0.00732427,0.006545123,0.010234157,0.016155519,1.0186901,1.0186901,1.0186901,1.0186901,1.0186901,0.97683394,0.95680726,0.95680726,0.9413295,0.9413295,1.0036879,1.0005673,1.0,0.9974468,0.9926241,0.9994326,0.978156,0.97588646,0.97588646,0.9696454,0.5,0.75,0.85,0.9,0.8833333,0.5534685,0.6979761,0.6979761,0.7584029,0.7584029,0.4,0.7,0.85,0.9,0.95,0.2,0.1,0.55,0.23333333,0.6166667,0.2,0.6,0.3,0.6666667,0.33333334,0.32585427,0.29244107,0.46637976,0.10409198,-0.09008294,0.8714072,0.77454996,0.7669361,0.21489033,0.14169006,0.6,0.5,0.4,0.46666667,0.46666667,0.4,0.4,0.55,0.5,0.5,0.2,0.1,-0.15,-0.033333335,-0.033333335,0.7272746,0.7142864,0.54128456,0.54123724,0.5188406,0.27272543,0.2857136,0.45871544,0.45876276,0.48115936,0.45454913,0.4285728,0.082569115,0.082474455,0.037681278,1.4972823,1.38444,1.3883562,1.4803687,1.540289,0.60702807,0.4870647,0.41657802,0.41371405,0.4173993,1.1616766,1.1128898,0.93717873,1.1033325,1.0270206,0.5452504,0.5006578,0.47078332,0.47059298,0.4777162,0.45474955,0.49934223,0.5292167,0.529407,0.5222838,0.09050087,0.0013155482,-0.058433354,-0.058814045,-0.044567596
SZ300316,0.07059544591069088,1.0,,2026-04-24,0.003919753,0.024902068,0.15740673,0.016140249,0.6481489,0.0048420667,0.19444436,-0.0073784287,-0.29629782,0.99609554,1.0160773,0.9912724,1.003265,1.0606507,0.9687708,0.9892256,1.0817715,0.933855,1.0204072,1.0158811,0.9891697,1.0053611,1.0878493,0.01848384,0.029916532,0.037388865,0.041422125,0.114937015,-0.010543728,0.0030589902,0.0042344653,-0.0011741609,-0.0041783405,0.8134746,0.095839635,0.44893202,0.062271915,0.40307665,0.00068023644,-0.029646458,-0.029397117,0.01166426,0.03541178,1.0691419,1.0691419,1.0691419,1.1210406,1.513563,0.9912724,0.95659274,0.91456425,0.91456425,0.91456425,1.0344687,1.0407097,1.0294596,1.0427268,1.1960613,1.0009323,0.99371135,0.95136523,0.96803826,0.99533343,0.2,0.4,0.7,0.5,0.26666668,0.11207995,0.38567382,0.55270445,0.41377982,0.14263092,0.2,0.6,0.8,0.033333335,0.16666667,1.0,0.2,0.45,0.6333333,0.81666666,-0.8,0.4,0.35,-0.6,-0.65,0.55422443,0.57000285,0.6273713,0.4509067,0.6849723,-0.3352593,0.41563758,0.19141698,0.33120155,0.52595925,0.2,0.6,0.55,0.46666667,0.46666667,0.8,0.4,0.45,0.53333336,0.53333336,-0.6,0.2,0.1,-0.06666667,-0.06666667,0.068673246,0.59627515,0.5130962,0.4321036,0.5147751,0.93132675,0.40372488,0.4869038,0.5678964,0.4852249,-0.8626535,0.19255027,0.026192443,-0.1357928,0.029550219,1.3917775,1.6535274,1.3820497,1.3860004,2.0780468,0.29223147,0.539969,0.571695,0.5507093,1.1908216,0.9581238,1.2437551,1.0654277,1.0855329,1.9580082,0.1462295,0.45350027,0.49282792,0.4803039,0.49097472,0.8537705,0.5464997,0.50717205,0.51969606,0.5090253,-0.707541,-0.09299946,-0.014344139,-0.039392147,-0.018050523
SH600519,0.06978566000161496,0.875,,2026-04-24,0.032120846,0.032396816,0.9914816,0.00027596898,0.008518399,0.0,0.0,0.031844877,0.9829632,0.9688788,1.0002674,0.9688788,0.989529,0.96486133,0.9968941,0.9607066,0.95441204,0.92634153,0.97496635,0.98304987,0.9880945,0.98674804,0.98550975,0.014217515,0.016740385,0.015101391,0.017008685,0.032879677,0.007006479,-0.0020673533,-0.000684186,-0.00018133239,0.000121103265,0.60714483,0.1398009,0.07184268,0.008808685,0.0041376757,0.011020709,0.026253209,0.018405236,0.01588126,0.010917724,1.0002674,1.0129722,1.0147008,1.0271379,1.0750849,0.9598974,0.9598081,0.95760745,0.9544117,0.9064238,0.9783398,1.0005965,1.001103,1.0012017,1.0063559,0.9671734,0.9671734,0.9703316,0.9672789,0.96109045,1.0,0.8,0.65,0.6666667,0.6333333,0.99337673,0.7559959,0.7425128,0.6268484,0.5548181,1.0,0.4,0.15,0.1,0.2,0.2,0.5,0.05,0.033333335,0.083333336,0.8,-0.1,0.1,0.06666667,0.11666667,0.8163419,-0.1940413,-0.24606876,0.0015512668,0.033210244,0.51096046,-0.47655267,-0.22054364,-0.09746022,0.17078574,0.8,0.6,0.65,0.56666666,0.46666667,0.2,0.4,0.35,0.43333334,0.53333336,0.6,0.2,0.3,0.13333334,-0.06666667,0.9553928,0.5149631,0.6076303,0.5740534,0.551581,0.04460723,0.4850369,0.3923697,0.42594656,0.44841895,0.91078556,0.029926207,0.21526062,0.14810686,0.10316209,0.64296067,0.691756,0.6149272,0.62643427,0.82959926,0.23276561,0.41207576,0.3304912,0.29478633,0.52558076,1.6615303,1.7989385,1.8223863,1.5520308,2.471621,0.30983278,0.5645137,0.54995555,0.53198516,0.49512628,0.69016725,0.4354863,0.45004448,0.46801484,0.5048737,-0.38033447,0.12902741,0.09991106,0.063970335,-0.009747441
SH600886,0.06972482691016507,1.0,,2026-04-24,-0.009629634,0.017777825,-0.5416655,0.0074074185,0.4166662,0.00074077205,0.04166832,-0.01629628,-0.91666335,1.0097233,1.0172027,0.999252,1.0059385,0.9872768,1.0029896,1.1129389,1.1226587,0.9917681,1.0092721,1.001417,1.0207516,1.0440493,1.0199412,0.0086808475,0.010772441,0.030795364,0.042587705,0.04864794,-0.001793798,0.0020995217,-0.003921285,-0.004280027,0.0011099179,0.10674876,0.3481961,0.5674846,0.78275555,0.15876421,-0.0056845066,-0.010864873,0.016500562,0.01801109,-0.05268377,1.0276734,1.0276734,1.1144336,1.129392,1.13313,0.9902747,0.97980314,0.97980314,0.97980314,0.9498901,1.0128624,1.0104707,1.0499563,1.0891443,1.0774804,1.0023917,0.9929612,0.99940205,1.0025392,0.9750177,0.2,0.5,0.25,0.16666667,0.43333334,0.2600442,0.42190865,0.15001687,0.1350157,0.27346632,0.6,0.8,0.05,0.033333335,0.5,0.2,0.2,0.6,0.73333335,0.1,0.4,0.6,-0.55,-0.7,0.4,0.2951769,0.6428692,-0.08031543,0.45207924,0.41417712,0.5534955,0.37452766,0.18625373,0.045931302,0.11366119,0.4,0.3,0.25,0.3,0.43333334,0.4,0.6,0.7,0.6666667,0.51666665,0.0,-0.3,-0.45,-0.36666667,-0.083333336,0.610479,0.48462301,0.26623353,0.33795047,0.50612074,0.38952103,0.515377,0.73376644,0.66204953,0.49387926,0.22095796,-0.030753952,-0.46753293,-0.32409903,0.012241475,1.3000959,1.111355,1.0025394,1.1619018,1.3035206,0.32648417,0.30010295,0.25965688,0.4181872,0.6232488,0.76887864,0.8322314,0.7602772,0.78146464,0.99511296,0.55191976,0.54818404,0.4325425,0.37059256,0.48967925,0.4480802,0.451816,0.5674575,0.62940747,0.5103207,0.103839576,0.09636804,-0.13491501,-0.25881487,-0.02064149
SH600674,0.06855880633117112,1.0,,2026-04-24,-0.0053298147,0.013990688,-0.3809544,0.007994662,0.57142735,0.00066621177,0.04761823,-0.0126582645,-0.9047635,1.0053583,1.0133959,0.9993302,1.0052816,0.97252834,0.9812424,1.0468792,1.0884117,0.94706523,1.0066878,0.9900127,0.99553955,1.0105544,0.98893106,0.0059733232,0.018747516,0.018099671,0.026628431,0.04542979,-0.0027471685,0.0050691543,-0.00070477196,-0.0022270135,0.0014030383,0.52878433,0.6701854,0.053066917,0.54207104,0.2909092,-0.001193407,-0.012823903,0.011155789,0.021737235,-0.0303207,1.0368357,1.0368357,1.0482138,1.0957717,1.0957717,0.99329937,0.95445627,0.95445627,0.95445627,0.9055447,1.0096416,1.0053407,1.0100375,1.0388443,1.0334859,1.0037338,0.9713231,0.9811065,0.9819218,0.9397099,0.2,0.6,0.6,0.4,0.56666666,0.15390949,0.5528534,0.48576084,0.3222845,0.49654007,0.2,0.6,0.05,0.033333335,0.51666665,0.2,0.2,0.6,0.73333335,0.1,0.0,0.4,-0.55,-0.7,0.41666666,0.5442086,0.7202889,0.5757848,0.53117317,0.59044677,0.87096393,0.743393,0.66116273,0.47927266,0.47974846,0.4,0.4,0.3,0.3,0.4,0.4,0.5,0.65,0.6333333,0.55,0.0,-0.1,-0.35,-0.33333334,-0.15,0.73042583,0.5921092,0.3976788,0.3735744,0.5415546,0.26957414,0.4078908,0.6023212,0.6264256,0.45844543,0.46085173,0.18421842,-0.20464242,-0.25285122,0.08310915,1.4167181,1.0961037,1.0638542,1.1318419,1.1744292,0.6719689,0.5637818,0.44467285,0.41427258,0.59310323,1.5878794,1.7626158,1.4412028,1.3061261,1.3481562,0.52480763,0.48911363,0.49630988,0.45487863,0.49959663,0.47519234,0.5108864,0.5036901,0.5451214,0.50040334,0.049615316,-0.021772748,-0.0073802457,-0.09024273,-0.0008067279
SH601398,0.0640135062148199,0.875,,2026-04-24,0.0,0.014511878,0.0,0.0039577624,0.27272573,0.010554115,0.7272743,0.0065963534,0.45454857,1.0,1.0039577,0.98944587,0.9989389,0.98150104,0.9645877,0.9788583,0.9445031,0.9698731,0.99926,0.99080336,0.98805493,0.9823467,0.96378607,0.0047215098,0.010318828,0.014166066,0.016203929,0.02411471,-0.00031711202,0.002742012,0.00028215352,0.0008978735,0.0009066266,0.01127726,0.6472759,0.013884827,0.23795308,0.43111458,0.00137421,-0.0031424009,0.009264607,0.004634147,0.009468433,1.013201,1.013201,1.0171504,1.0171504,1.0171504,0.97914875,0.9593202,0.9498145,0.9379162,0.9040865,1.001057,1.0,1.0,0.9991543,0.9894291,0.99756867,0.9836152,0.97547567,0.9669133,0.93974626,0.7,0.85,0.8,0.8666667,0.93333334,0.6123313,0.7549966,0.7453008,0.7835482,0.8483125,0.4,0.7,0.2,0.46666667,0.73333335,0.2,0.1,0.4,0.033333335,0.36666667,0.2,0.6,-0.2,0.43333334,0.36666667,0.47393167,0.37263548,0.14850609,-0.1592066,-0.1586562,0.85552984,0.7048006,0.24038076,0.1401815,0.064150594,0.6,0.6,0.5,0.56666666,0.48333332,0.2,0.3,0.45,0.36666667,0.46666667,0.4,0.3,0.05,0.2,0.016666668,0.70588255,0.7278914,0.5613499,0.5988703,0.53135324,0.29411742,0.2721086,0.43865007,0.40112975,0.46864673,0.41176513,0.45578274,0.122699834,0.1977405,0.06270651,1.1204855,1.0806137,1.2828931,1.4715794,1.5610468,0.08371772,0.11648009,0.34895533,0.46337578,0.50140923,0.74631935,0.68880886,0.83364695,1.1038551,1.0777227,0.6368391,0.5105482,0.4708374,0.4870205,0.46707213,0.3631609,0.48945186,0.5291626,0.5129795,0.5329279,0.2736782,0.021096306,-0.05832516,-0.02595901,-0.06585575
SH600406,0.06325634179813108,1.0,,2026-04-24,-0.010808815,0.02273574,-0.47541076,0.011554222,0.5081964,0.00037270307,0.016392829,-0.021990333,-0.96721435,1.010927,1.0226074,0.99962324,1.005716,1.010179,0.99322134,1.0169578,1.1386642,0.9660918,1.0156006,1.0074248,0.9986273,1.0149235,1.0168829,0.009645919,0.01576053,0.018282862,0.0319326,0.057173476,-0.005576382,0.0029617245,0.0013674508,-0.0020855528,0.00059111015,0.8355217,0.32371223,0.19579567,0.33057922,0.03260224,-0.0044477955,-0.02075259,-0.011618063,0.0153171,-0.03432064,1.0350461,1.0350461,1.0350461,1.137152,1.2079886,0.99962324,0.963077,0.95893145,0.95893145,0.9250189,1.0200454,1.0178607,1.0159044,1.0333136,1.0498908,1.0123624,0.9972118,0.9795813,0.9854572,0.97114,0.2,0.3,0.5,0.33333334,0.45,0.010636486,0.513039,0.5395612,0.23043662,0.2649792,0.8,0.9,0.95,0.033333335,0.45,1.0,0.1,0.35,0.56666666,0.11666667,-0.2,0.8,0.6,-0.53333336,0.33333334,0.6210836,0.6001365,0.58000916,0.69717646,0.5747174,0.8026177,0.66226286,0.4940923,0.42452106,0.5371975,0.2,0.4,0.4,0.33333334,0.46666667,0.8,0.6,0.6,0.6666667,0.53333336,-0.6,-0.2,-0.2,-0.33333334,-0.06666667,0.38045794,0.53407484,0.46913025,0.345365,0.5178703,0.61954206,0.46592513,0.5308697,0.654635,0.4821297,-0.23908415,0.06814973,-0.0617395,-0.30927005,0.03574064,1.2998325,1.2698741,1.0940044,1.2008997,1.4596449,0.2703908,0.3377352,0.30898598,0.3459659,0.56143963,0.9164196,1.1667836,0.93596184,0.8766907,1.0701933,0.4825923,0.51075846,0.50640434,0.43609533,0.45732468,0.5174077,0.48924154,0.49359566,0.5639047,0.5426753,-0.03481538,0.021516908,0.012808707,-0.12780936,-0.08535066
SZ000708,0.06300059315224088,1.0,,2026-04-24,-0.011501549,0.030031923,-0.38297743,0.0044728243,0.14893566,0.01405755,0.4680869,-0.0019168234,-0.063826196,1.0116354,1.0161602,0.98577887,1.0021853,1.0821093,1.0982667,1.0542009,1.1338131,1.0304054,1.0477967,1.0663043,1.0681698,1.0634841,1.0618782,0.03853296,0.03290409,0.025684915,0.027896835,0.048906907,-0.02385429,-0.008827406,-0.0009957332,0.00010561382,0.0007846705,0.9580941,0.6597478,0.05260145,0.0011107936,0.078511655,-8.8102024e-05,-0.026581002,-0.058710314,-0.06501552,-0.08502595,1.0963317,1.1092589,1.1092589,1.1537634,1.1854309,0.98577887,0.98577887,0.98577887,0.98577887,0.95475614,1.078349,1.0886898,1.0886898,1.0834019,1.1031139,1.0123384,1.050088,1.0571975,1.0396886,1.0196533,0.2,0.1,0.05,0.033333335,0.1,0.12863633,0.11516935,0.11516935,0.08465727,0.19613703,0.4,0.2,0.6,0.033333335,0.35,1.0,1.0,1.0,1.0,0.15,-0.6,-0.8,-0.4,-0.96666664,0.2,-0.8472591,-0.8237708,-0.5152771,-0.42125463,-0.033012897,-0.59678257,-0.6812331,-0.26857328,-0.49490365,-0.17388083,0.2,0.3,0.5,0.5,0.51666665,0.8,0.7,0.5,0.5,0.48333332,-0.6,-0.4,0.0,0.0,0.033333335,0.07328235,0.16314211,0.4139861,0.37350738,0.48654273,0.92671764,0.83685786,0.5860139,0.6264926,0.51345724,-0.8534353,-0.6737158,-0.17202786,-0.25298524,-0.02691453,0.8652991,0.74338645,0.7943465,0.92810595,1.1106774,0.33922234,0.26892507,0.22136617,0.32783744,0.5039899,1.1499788,1.3263059,1.0243129,1.2214955,1.7180154,0.6760529,0.553229,0.5288159,0.5112148,0.49976474,0.3239471,0.44677103,0.47118405,0.48878518,0.50023526,0.35210583,0.10645794,0.057631895,0.022429638,-0.00047054232
SZ002415,0.06026869319168918,1.0,,2026-04-24,-0.002375277,0.020783918,-0.114284374,0.009501206,0.45714217,0.0089074345,0.42857343,-0.0029690475,-0.14285313,1.002381,1.0119047,0.99107134,1.0016674,0.98600465,0.94374394,0.9038699,0.9499918,0.97023505,1.0057106,0.99690104,0.95416355,0.945116,0.9457208,0.012212681,0.014208393,0.045825407,0.04124,0.032045208,-0.0061291778,0.0022945323,0.00703491,0.0030632939,0.0002115313,0.6296837,0.23906164,0.8248452,0.42760393,0.013289937,0.0065477886,-0.0072264243,-0.020995218,0.01046624,0.04803903,1.0502925,1.0502925,1.0502925,1.0502925,1.0502925,0.99107134,0.93481743,0.8809522,0.8797549,0.8797549,1.0085046,1.001482,0.99857044,0.9964861,0.9690429,0.99934524,0.9876742,0.90523696,0.9045797,0.91523856,0.4,0.7,0.85,0.9,0.95,0.15076786,0.56447303,0.7030093,0.7050944,0.7050944,0.2,0.6,0.8,0.8666667,0.93333334,1.0,0.1,0.1,0.26666668,0.6333333,-0.8,0.5,0.7,0.6,0.3,0.9337608,0.35409233,0.8445151,0.77696115,0.6029973,0.9310238,0.58582366,0.5920936,0.38348886,0.30253446,0.4,0.5,0.45,0.46666667,0.5,0.6,0.5,0.55,0.53333336,0.5,-0.2,0.0,-0.1,-0.06666667,0.0,0.5936771,0.677973,0.69720584,0.56710714,0.52350134,0.4063229,0.32202706,0.3027942,0.4328929,0.4764987,0.18735418,0.3559459,0.39441165,0.13421424,0.047002643,1.7035577,1.7745298,1.2474204,1.1421275,1.2477812,0.9370551,0.79996127,0.8020744,0.6743956,0.5861094,1.5200316,1.1803299,1.5006623,1.4672729,1.3498266,0.3675805,0.465886,0.5137095,0.5058537,0.42695135,0.6324195,0.534114,0.4862905,0.4941463,0.57304865,-0.26483902,-0.06822801,0.027418977,0.011707422,-0.14609733
SZ002179,0.059452659557439884,0.875,,2026-04-24,-0.017578151,0.03543528,-0.4960635,0.017020108,0.4803153,0.000837024,0.023621205,-0.033761233,-0.9527576,1.0178927,1.0352173,0.999148,1.0141296,1.0127803,1.0462812,0.94829285,1.0729761,1.0352025,1.0260068,1.0253526,1.0039097,0.992843,0.9978366,0.017044185,0.01496358,0.037326757,0.038101744,0.033749066,-0.010193992,-0.0020871945,0.004359321,0.0024620816,9.5465075e-05,0.8942854,0.17834716,0.47738117,0.32360622,0.0024404242,-0.0056187846,-0.015960254,-0.045323294,-0.028543143,-0.00065280596,1.0494108,1.064746,1.064746,1.064746,1.0809284,0.999148,0.9968757,0.9304143,0.9187703,0.9187703,1.0364541,1.0380422,1.0380422,1.0344652,1.0261693,1.0145347,1.0125496,0.9633569,0.95148414,0.97277576,0.2,0.1,0.4,0.5,0.55,0.016950898,0.04603302,0.51801366,0.5564602,0.50092906,0.2,0.1,0.55,0.7,0.5,1.0,0.5,0.1,0.26666668,0.6333333,-0.8,-0.4,0.45,0.43333334,-0.13333334,0.11790887,0.32062915,0.73162264,0.62751484,0.6773659,0.47979265,0.40217802,0.78729767,0.590411,0.5712351,0.2,0.2,0.35,0.33333334,0.41666666,0.8,0.8,0.65,0.6666667,0.5833333,-0.6,-0.6,-0.3,-0.33333334,-0.16666667,0.41174904,0.28616378,0.59120905,0.42990994,0.48208925,0.588251,0.71383625,0.40879095,0.57009006,0.5179108,-0.17650196,-0.42767248,0.1824181,-0.1401801,-0.035821505,0.933157,0.91107315,0.99147815,0.99549925,1.0913265,0.25731167,0.18712476,0.5167653,0.4910855,0.56382436,1.0034081,1.1198735,1.5321561,1.4160162,1.4498293,0.54556286,0.32518852,0.5349848,0.40935424,0.4978779,0.45443714,0.6748115,0.46501517,0.5906458,0.5021221,0.09112571,-0.34962294,0.06996963,-0.18129152,-0.0042441995
SH601169,0.05905535002253873,1.0,,2026-04-24,-0.0018282098,0.009140849,-0.20000438,0.0036563193,0.3999978,0.0036563193,0.3999978,-0.0018282098,-0.20000438,1.0018315,1.0054946,0.996337,1.0004789,0.9925651,0.9873606,1.0018588,1.0037175,0.96356887,0.99888474,0.9965056,0.99728626,0.9975465,0.9906692,0.003623347,0.004913692,0.0066161286,0.009388609,0.012630626,0.0011152475,0.000982311,-0.00020683637,-0.00016160081,0.00044266687,0.23684412,0.36634782,0.03420692,0.022960762,0.37463135,-0.0011152575,-0.00092599535,0.0046786834,0.0047967206,-0.003727846,1.0092123,1.0092123,1.014789,1.0166478,1.0166478,0.988957,0.983697,0.983697,0.96173686,0.95956206,1.0007435,1.0003718,1.0022305,1.0055761,1.0018588,0.99591076,0.99405205,0.991896,0.991896,0.9817844,0.7,0.75,0.65,0.55,0.7416667,0.545192,0.63895094,0.52434796,0.696821,0.70837116,0.8,0.9,0.15,0.1,0.55,0.2,0.1,0.55,0.23333333,0.05,0.6,0.8,-0.4,-0.13333334,0.5,0.9666146,0.7277793,0.7124693,0.07910131,-0.36774743,0.91039264,0.6764531,0.5513622,-0.008028479,-0.0003533263,0.6,0.5,0.45,0.43333334,0.51666665,0.4,0.4,0.5,0.5,0.41666666,0.2,0.1,-0.05,-0.06666667,0.1,0.6428563,0.62686557,0.4922116,0.49140888,0.5445454,0.35714367,0.3731344,0.5077884,0.5085911,0.4554546,0.28571263,0.25373116,-0.015576807,-0.017182214,0.089090794,0.86463815,0.7484867,0.7857256,0.9373535,1.0697173,0.41046298,0.3085992,0.29027933,0.37704477,0.39538705,0.99218506,0.9323156,0.7472128,1.5202476,1.2035807,0.6115868,0.5907194,0.51080686,0.4814431,0.48982108,0.3884132,0.4092806,0.48919314,0.5185569,0.5101789,0.22317363,0.18143883,0.021613725,-0.03711377,-0.020357862
SH600036,0.05851175502506398,1.0,,2026-04-24,-0.009058933,0.011072011,-0.8181831,0.0015098089,0.13636266,0.0005032696,0.045454223,-0.010065472,-0.90909153,1.0091418,1.0106654,0.9994921,1.0029633,1.0035253,0.99565214,1.0045437,1.0030161,0.9710145,1.0089699,1.0058441,1.0035468,1.004203,0.9949139,0.005194461,0.008694445,0.007820708,0.008787649,0.015144805,-0.0026361316,0.0012002524,0.00039973587,-5.0881838e-05,0.0005857557,0.64386266,0.17469199,0.09143705,0.0025982556,0.45625272,-0.0036976023,-0.011245262,-0.007344321,-0.0034651374,-0.012193646,1.0195268,1.0195296,1.0195296,1.0248566,1.0248566,0.99870455,0.9882924,0.9882924,0.97891587,0.94742316,1.0124168,1.0125735,1.011414,1.0124168,1.0094163,1.0073012,0.9987231,0.9966863,0.99688995,0.98262435,0.2,0.3,0.35,0.33333334,0.56666666,0.062214095,0.37479764,0.37479764,0.45894238,0.67899406,0.4,0.4,0.7,0.1,0.55,0.2,0.1,0.55,0.23333333,0.05,0.2,0.3,0.15,-0.13333334,0.5,-0.5644354,0.4101639,0.44621167,0.14902502,-0.66296303,-0.22693205,0.61546016,0.58129144,0.14597392,0.087293565,0.4,0.5,0.4,0.46666667,0.46666667,0.4,0.4,0.55,0.5,0.5,0.0,0.1,-0.15,-0.033333335,-0.033333335,0.42902133,0.53386223,0.48285037,0.49271792,0.5336302,0.5709787,0.4661378,0.5171496,0.5072821,0.4663698,-0.14195736,0.06772443,-0.03429925,-0.014564139,0.067260385,0.90283215,0.97356796,0.9582407,1.001553,1.332967,0.07254421,0.25475836,0.22337028,0.21357615,0.69811606,0.99595135,1.3260348,1.1288067,1.2057315,1.1562573,0.60172087,0.53433233,0.5024427,0.5129845,0.47384274,0.39827913,0.46566767,0.49755728,0.48701546,0.52615726,0.20344175,0.06866467,0.0048854183,0.02596908,-0.052314527
SH601009,0.058385825582051104,0.875,,2026-04-24,-0.0042408505,0.011874532,-0.3571383,0.005089085,0.42857143,0.0025445966,0.21429026,-0.0067853387,-0.5714195,1.0042589,1.0093696,0.99744457,1.003323,0.9463385,0.92929167,0.9582233,0.95150054,0.88847536,0.98571426,0.9638175,0.9584033,0.9593277,0.9478551,0.017085476,0.026569625,0.021012744,0.019616254,0.028270265,0.009879966,0.008400454,0.0014384104,0.00021798229,0.00093755504,0.8359817,0.91631764,0.16400915,0.009570002,0.3354545,-0.0054741795,-0.0016195282,0.027931785,0.03751157,0.024487022,1.0179511,1.0179511,1.0179511,1.0179511,1.0179511,0.9438164,0.92078525,0.92078525,0.92078525,0.87656087,1.0008644,0.98569024,0.9722689,0.9777431,0.9660744,0.9766866,0.9441296,0.94480187,0.9463385,0.9291236,0.8,0.9,0.95,0.96666664,0.98333335,0.7578578,0.8152527,0.8152527,0.8152527,0.87303835,0.8,0.9,0.95,0.96666664,0.98333335,0.2,0.1,0.55,0.7,0.016666668,0.6,0.8,0.4,0.26666668,0.96666664,0.48188764,0.70595884,0.56413573,0.37308154,-0.34794414,0.9079488,0.9045394,0.6840103,0.21436164,0.22292453,0.6,0.5,0.4,0.46666667,0.46666667,0.4,0.4,0.55,0.5,0.51666665,0.2,0.1,-0.15,-0.033333335,-0.05,0.90859246,0.860465,0.62554127,0.58494544,0.60850275,0.09140756,0.13953504,0.37445876,0.41505453,0.39149725,0.81718487,0.7209299,0.25108248,0.16989093,0.21700546,1.2570049,1.0387607,1.0488951,1.0801924,1.2721717,0.44674948,0.4047434,0.34740275,0.32237965,0.46344802,0.9589381,1.1636747,1.1114491,1.2593919,1.3502438,0.56517804,0.49934813,0.5048123,0.49886823,0.48812285,0.43482193,0.5006519,0.49518773,0.5011318,0.5118772,0.13035612,-0.0013037599,0.0096245585,-0.002263534,-0.02375432
SZ300502,0.05818238343408245,0.75,,2026-04-24,-0.02802296,0.06992188,-0.40077528,0.025146583,0.35963824,0.016752336,0.23958646,-0.03641721,-0.52082705,1.0288309,1.0547025,0.98276466,1.0204372,1.0962825,0.9725089,0.85059613,0.70498973,0.73482597,1.09061,1.0396932,0.955821,0.9106071,0.81751233,0.06091091,0.08038188,0.10789286,0.11405756,0.12568031,-0.011480406,0.017874464,0.016498806,0.0115489,0.0059330757,0.0888105,0.4532745,0.8184415,0.79457486,0.6797123,-0.06764919,-0.120128274,-0.11255964,-0.07806613,0.0074619437,1.1684996,1.1684996,1.1684996,1.1684996,1.1684996,0.98276466,0.9120554,0.8090904,0.692426,0.6453741,1.1375395,1.1034595,1.0784153,1.0000857,0.9146167,1.0613921,0.9651458,0.8520179,0.8310451,0.71289235,0.2,0.4,0.7,0.8,0.9,0.09279526,0.34293854,0.53117615,0.646064,0.6778983,0.8,0.9,0.95,0.96666664,0.98333335,1.0,0.3,0.15,0.033333335,0.36666667,-0.2,0.6,0.8,0.93333334,0.6166667,-0.59034246,-0.22939377,0.4598012,0.05700287,-0.023046117,-0.4227704,-0.42912665,0.018122371,0.17912948,0.20181093,0.2,0.4,0.5,0.56666666,0.55,0.8,0.6,0.5,0.43333334,0.45,-0.6,-0.2,0.0,0.13333334,0.1,0.315448,0.5271261,0.59179425,0.6248271,0.56848675,0.684552,0.47287393,0.40820578,0.37517294,0.43151328,-0.36910403,0.054252136,0.18358846,0.24965413,0.13697346,0.5206735,0.48556492,0.4179077,0.45624104,0.47173187,0.2748647,0.18849362,0.15874612,0.15147574,0.14184554,1.4249895,1.2068698,1.255852,1.0808941,1.0091004,0.8040837,0.7303591,0.64050674,0.5993526,0.54109025,0.19591632,0.2696409,0.35949326,0.4006474,0.45890975,0.60816735,0.4607182,0.28101346,0.1987052,0.082180515
SZ300394,0.05758167514643937,0.75,,2026-04-24,-0.053896982,0.086965404,-0.619752,0.010954617,0.12596522,0.022113802,0.25428277,-0.042737797,-0.49143448,1.0569674,1.068546,0.97662646,1.0110602,1.1710898,1.1081606,1.0034916,1.0314022,0.5827333,1.0972747,1.0927913,1.0537232,1.0194575,0.95726174,0.06537801,0.056976918,0.06640889,0.07664137,0.14509313,-0.032164395,-5.9124195e-05,0.007544827,0.0068966765,0.0061089126,0.6051003,9.8706105e-06,0.45176673,0.6275595,0.5406721,-0.03294582,-0.092525214,-0.12539911,-0.11945926,-0.13747464,1.1980134,1.1980134,1.1980134,1.1980134,1.2009162,0.97662646,0.97662646,0.92080295,0.8558067,0.57430595,1.156892,1.156892,1.0999353,1.0850043,1.0730247,1.0647676,1.0584623,0.99348676,0.9588232,0.8583695,0.2,0.1,0.3,0.46666667,0.53333336,0.10557788,0.10557788,0.28569293,0.42136315,0.6793602,0.2,0.6,0.8,0.8666667,0.36666667,1.0,1.0,0.15,0.1,0.016666668,-0.8,-0.4,0.65,0.76666665,0.35,-0.6234372,-0.13948253,0.6529818,0.45155108,-0.2456781,-0.469553,-0.11326197,0.3426611,0.10003649,0.32518637,0.2,0.3,0.4,0.46666667,0.51666665,0.8,0.7,0.6,0.53333336,0.48333332,-0.6,-0.4,-0.2,-0.06666667,0.033333335,0.2235875,0.40109724,0.49818692,0.48838788,0.576672,0.7764125,0.59890276,0.50181305,0.5116121,0.42332795,-0.552825,-0.19780551,-0.0036261536,-0.023224227,0.1533441,0.9375282,0.86399364,0.75631505,0.72537094,0.7632387,0.11720765,0.12145752,0.18379956,0.18009318,0.19828583,0.480642,0.5619689,0.6665547,0.76169336,0.9408802,0.6727028,0.5559899,0.55796796,0.54263985,0.53003246,0.3272972,0.4440101,0.44203204,0.45736015,0.46996754,0.34540558,0.11197981,0.1159359,0.08527972,0.0600649
SZ300433,0.056565604825125265,0.875,,2026-04-24,-0.018154308,0.03971258,-0.4571425,0.007942516,0.2,0.013615755,0.3428575,-0.012481068,-0.314285,1.01849,1.0265794,0.9861325,1.003032,1.0011426,1.1606044,1.1151526,1.2334158,1.4541357,1.0312067,1.0590618,1.082416,1.1032248,1.2292293,0.02026009,0.06521106,0.056371395,0.060812403,0.15017204,-0.01048689,-0.015292899,-0.004486935,-0.004593704,-0.008112562,0.66980857,0.504137,0.22174308,0.44222507,0.8900976,-0.010232976,0.009756289,-0.039790146,-0.03661606,0.010091239,1.0712988,1.1756712,1.1860274,1.2338315,1.6410208,0.9861325,0.96072,0.96072,0.96072,0.96072,1.0481813,1.1407732,1.1432108,1.1556783,1.3627118,1.0197042,1.0009141,1.0320446,1.0493239,1.0875262,0.2,0.2,0.1,0.06666667,0.033333335,0.16282858,0.18273903,0.17433947,0.14382394,0.057739135,0.2,0.3,0.5,0.033333335,0.033333335,1.0,0.4,0.7,0.8,0.9,-0.8,-0.1,-0.2,-0.76666665,-0.8666667,0.76223546,-0.42083642,-0.29444957,-0.5241593,0.2321255,0.7060747,-0.7487776,-0.396617,-0.31136295,0.088475265,0.4,0.4,0.45,0.4,0.36666667,0.6,0.6,0.55,0.6,0.6333333,-0.2,-0.2,-0.1,-0.2,-0.26666668,0.4954683,0.2681452,0.40028587,0.3573812,0.37578136,0.50453174,0.7318548,0.5997141,0.64261883,0.62421864,-0.009063439,-0.46370956,-0.19942826,-0.2852376,-0.24843727,1.5632406,1.8330691,1.472268,1.2672563,1.3253119,0.6439003,0.9703475,0.80298066,0.72522277,0.77622706,1.0265911,1.9248282,2.138585,2.2400358,2.3475635,0.14297897,0.45917284,0.49811628,0.5101719,0.48476824,0.85702103,0.54082716,0.5018837,0.48982814,0.5152318,-0.71404207,-0.08165433,-0.003767414,0.020343745,-0.030463533
SH600900,0.056328492804469985,1.0,,2026-04-24,-0.0037161338,0.007432152,-0.50000775,0.0014864074,0.19999689,0.002229611,0.29999533,-0.0029729302,-0.40000933,1.0037299,1.005222,0.9977621,1.0007708,0.9839646,0.9846533,1.0185933,1.0256764,0.9835711,1.0040138,0.9955436,0.99733895,1.0035121,0.99317104,0.0048216777,0.009693972,0.0107146995,0.013147326,0.020202218,-0.00088538387,0.0024820685,-0.00043071443,-0.0009990224,0.0006427568,0.08429598,0.600946,0.056557063,0.44748372,0.3087416,-0.0022430297,-0.0067128884,0.0067528263,0.010973724,-0.012132382,1.0126495,1.0126495,1.0220239,1.0313325,1.0313325,0.98504394,0.9787264,0.9787264,0.9787264,0.9391547,1.006552,1.0025382,1.0076932,1.016488,1.012907,1.0008657,0.9854403,0.9854403,0.98974925,0.9731629,0.2,0.6,0.55,0.4,0.56666666,0.54177517,0.62711084,0.4913346,0.4043941,0.66008645,0.4,0.7,0.05,0.13333334,0.56666666,0.2,0.1,0.55,0.7,0.1,0.2,0.6,-0.5,-0.56666666,0.46666667,0.5199398,0.27330536,0.17115463,0.25451973,-0.20379886,0.73653907,0.41269165,0.26662824,-0.26857877,-0.017214797,0.6,0.5,0.4,0.4,0.43333334,0.4,0.3,0.5,0.53333336,0.51666665,0.2,0.2,-0.1,-0.13333334,-0.083333336,0.6723037,0.6313119,0.41570026,0.4243478,0.5231237,0.32769632,0.3686881,0.58429974,0.57565224,0.47687632,0.34460735,0.2626238,-0.16859952,-0.15130444,0.04624737,1.4197173,1.3925827,1.3493441,1.4723842,1.8898838,0.2723497,0.24306433,0.19805078,0.3676408,0.92137593,0.71996135,1.0349796,0.890596,1.1164503,1.2586126,0.3084616,0.46535864,0.44106555,0.4471502,0.48154402,0.6915384,0.5346413,0.55893445,0.55284977,0.518456,-0.38307676,-0.06928271,-0.11786888,-0.105699584,-0.036911953
SH600276,0.05545221015882429,0.875,,2026-04-24,-0.007964544,0.025309714,-0.3146833,0.0044247974,0.17482606,0.012920372,0.51049066,0.00053103076,0.020981302,1.0080285,1.0124888,0.9869759,1.0010154,1.0049957,1.0180188,0.92114216,0.98661846,1.072256,0.9990364,1.0042639,1.0063511,0.9963184,1.0059022,0.007214479,0.01426545,0.015208807,0.025139622,0.02925508,0.00012477476,-0.0008012658,-2.1386309e-06,0.0010677474,-0.00063823274,0.00074779673,0.028919699,6.9206897e-07,0.13980453,0.14516284,0.00071409554,-0.00065821235,-0.006330828,-0.011800726,0.012925682,1.0340756,1.0428177,1.0428177,1.0428177,1.0768944,0.9801959,0.9776992,0.9118652,0.9118652,0.9118652,1.0053875,1.0100616,1.023836,1.0165917,1.030436,0.993542,0.993542,0.993542,0.9843362,0.98476356,0.6,0.4,0.35,0.5,0.38333333,0.36756164,0.34246463,0.6730285,0.6730285,0.5340557,0.8,0.3,0.65,0.76666665,0.016666668,0.6,0.2,0.05,0.36666667,0.68333334,0.2,0.1,0.6,0.4,-0.6666667,0.43575713,0.35632065,0.19745432,0.2897254,0.16627954,0.68840253,0.23890238,0.4954962,0.23145583,0.20514591,0.4,0.4,0.45,0.46666667,0.41666666,0.6,0.6,0.55,0.53333336,0.5833333,-0.2,-0.2,-0.1,-0.06666667,-0.16666667,0.4369312,0.43695453,0.6180564,0.51312643,0.46067205,0.5630688,0.56304544,0.3819436,0.48687357,0.5393279,-0.12613761,-0.12609093,0.23611279,0.026252845,-0.07865587,1.0437834,1.1689405,1.195039,1.0379906,1.0085838,0.39516085,0.37509605,0.36513168,0.3897663,0.37039265,1.1655451,0.9391482,1.2613422,1.2641492,1.1999197,0.46714196,0.49407288,0.4904184,0.52505916,0.5006019,0.5328581,0.50592715,0.5095816,0.4749408,0.49939808,-0.06571611,-0.011854231,-0.0191632,0.05011838,0.0012038306
SH600000,0.05490470880160586,0.75,,2026-04-24,-0.008394491,0.019937012,-0.4210506,0.0094438605,0.47368482,0.0020986614,0.10526458,-0.01573969,-0.78947085,1.0084655,1.0179894,0.99788356,1.0059886,1.0434256,1.0465502,1.0645326,1.077286,1.136526,1.0180079,1.0368447,1.0512849,1.0605067,1.0607182,0.014098034,0.023360752,0.023707207,0.025421089,0.025243413,-0.008889168,-0.0068497746,-0.0032670458,-0.0023482277,-0.0005501232,0.99390537,0.78811646,0.6646879,0.6612928,0.1448517,-0.0002295641,-0.006020796,-0.02024796,-0.026457421,-0.04448958,1.0487015,1.0762093,1.0973818,1.1069198,1.1534277,0.99788356,0.99788356,0.99788356,0.99788356,0.99788356,1.0298431,1.0592781,1.070042,1.0848871,1.080028,1.007652,1.0154828,1.0336691,1.0434256,1.0410662,0.2,0.1,0.05,0.033333335,0.016666668,0.041647285,0.027020829,0.021271009,0.019410325,0.013606609,0.2,0.4,0.25,0.2,0.016666668,1.0,1.0,1.0,1.0,1.0,-0.8,-0.6,-0.75,-0.8,-0.98333335,-0.84560245,-0.8891556,-0.5180356,-0.06754779,0.04020404,0.7019604,-0.07619445,0.34083048,0.010981605,-0.13426644,0.0,0.2,0.3,0.36666667,0.38333333,1.0,0.8,0.7,0.6333333,0.6,-1.0,-0.6,-0.4,-0.26666668,-0.21666667,0.0,0.26572517,0.33144566,0.36995706,0.38291585,1.0,0.73427486,0.6685543,0.63004297,0.61708415,-1.0,-0.46854967,-0.33710867,-0.26008588,-0.23416829,0.88389754,0.72441024,0.65058935,0.7065449,0.9253502,0.0877774,0.18593869,0.20684464,0.22516313,0.39869544,0.23875554,0.46404016,0.7231714,1.1600584,0.9223828,0.8798055,0.804824,0.61845547,0.49362946,0.49552384,0.1201945,0.19517599,0.38154453,0.50637054,0.50447613,0.759611,0.609648,0.23691095,-0.012741099,-0.008952291
SH601939,0.054585738134369434,1.0,,2026-04-24,0.00412373,0.013402102,0.3076928,0.00412373,0.3076928,0.0051546413,0.3846144,0.0051546413,0.3846144,0.9958932,1.0041068,0.99075973,0.99892706,0.9662551,0.9485597,0.9691358,0.93415636,0.909465,1.0027161,0.9839095,0.97462964,0.9675034,0.93577504,0.005338704,0.020558238,0.019999398,0.02005862,0.036443982,-0.0009876568,0.005923428,0.001673009,0.0015423627,0.0019060394,0.085561894,0.76100224,0.24492367,0.45821854,0.8342802,-0.00074073626,-0.0105649,0.009476774,0.0101323,0.007996798,1.0213763,1.0213763,1.0213763,1.0213763,1.0213763,0.9638651,0.94036454,0.9352272,0.92821157,0.8747317,1.0061728,1.0009876,0.99876547,0.9849383,0.9674897,0.99876547,0.96518517,0.9563786,0.9502058,0.8950618,0.6,0.8,0.9,0.93333334,0.96666664,0.62831146,0.736134,0.75186914,0.7705543,0.85423094,0.4,0.7,0.85,0.9,0.95,0.2,0.1,0.4,0.033333335,0.36666667,0.2,0.6,0.45,0.8666667,0.5833333,0.28329694,0.16606717,0.22979955,-0.013609358,-0.31541628,0.8907666,0.78391564,0.43332744,0.22302769,0.2476692,0.6,0.6,0.5,0.6,0.56666666,0.4,0.4,0.5,0.4,0.41666666,0.2,0.2,0.0,0.2,0.15,0.78873235,0.7990425,0.57796246,0.6159419,0.5913621,0.21126762,0.20095745,0.42203754,0.38405812,0.4086379,0.57746476,0.5980851,0.1559249,0.2318838,0.18272418,1.5149823,1.4733211,1.536824,1.6412293,1.8292546,0.62941086,0.5053357,0.46545333,0.47311425,0.5525435,1.379174,1.4928999,1.0679044,1.0287265,1.0110577,0.4675302,0.50929594,0.46192777,0.47375607,0.47708815,0.5324698,0.49070406,0.5380722,0.5262439,0.52291185,-0.06493965,0.018591873,-0.07614447,-0.05248782,-0.045823716
SH688223,0.05332042538159157,1.0,,2026-04-24,-0.016417861,0.03283581,-0.49999863,0.01194032,0.36363712,0.0044776313,0.13636427,-0.023880549,-0.7272715,1.0166919,1.0288315,0.99544764,1.0086247,1.0542521,0.9912023,1.1070381,1.2521994,0.8401759,1.0290322,1.0316715,1.0223607,1.0618768,1.0937439,0.0207207,0.026376655,0.047915623,0.07184844,0.09715746,-0.01290322,-0.000391005,-0.00045090794,-0.00545148,-0.0014534016,0.96945447,0.0020143578,0.003099485,0.44616538,0.06825253,-0.003225782,-0.029911993,-0.018077044,0.017169654,-0.050868515,1.0724552,1.0850953,1.1691426,1.2541246,1.4661795,0.99544764,0.98139346,0.9322392,0.9322392,0.8345021,1.044868,1.0542521,1.0542521,1.1434017,1.1744868,1.0175953,1.0105572,0.9906158,1.0046921,1.0108504,0.2,0.1,0.3,0.2,0.15,0.05911596,0.17942321,0.2860273,0.21051227,0.26199752,0.2,0.4,0.05,0.033333335,0.21666667,1.0,0.1,0.35,0.56666666,0.016666668,-0.8,0.3,-0.3,-0.53333336,0.2,-0.06630376,0.6939726,0.56335956,0.77693176,0.66307724,0.1641762,0.8159027,0.4395036,0.47083926,0.7032202,0.0,0.3,0.35,0.33333334,0.41666666,0.8,0.6,0.6,0.6,0.53333336,-0.8,-0.3,-0.25,-0.26666668,-0.11666667,0.0,0.5234377,0.41723353,0.37352937,0.5333742,1.0,0.47656235,0.5827665,0.6264706,0.46662584,-1.0,0.046875305,-0.16553292,-0.25294122,0.066748336,1.0378283,1.1739498,1.2898824,1.6703361,2.0825164,0.13578217,0.3161922,0.40466553,0.7615744,1.010392,0.8091719,1.4723927,1.045917,0.95812386,1.6644852,0.32628,0.49469712,0.43667048,0.44525802,0.50138575,0.67372,0.50530285,0.5633295,0.554742,0.49861428,-0.34744,-0.010605735,-0.12665904,-0.10948395,0.002771438
SZ002371,0.05221124715363773,1.0,,2026-04-24,-0.004904977,0.04509191,-0.10877732,0.021451259,0.47572303,0.018735671,0.41549963,-0.007620565,-0.16900073,1.0049292,1.0264862,0.98117197,1.0046932,0.9941001,1.0088646,0.9437492,0.968882,1.078255,0.9931219,0.9984806,0.9775136,0.97281635,0.9896949,0.023203315,0.017586626,0.03671781,0.032242022,0.037444934,0.005834406,-0.0012556099,0.0033744294,0.0015705684,-0.0009947045,0.1580641,0.04672571,0.29560733,0.18389541,0.21522956,-0.004790704,0.0071696015,-0.0095707,0.0044104224,0.039648887,1.0264862,1.0408313,1.0408313,1.0408313,1.0939097,0.94140136,0.94140136,0.89327466,0.89327466,0.89327466,1.0061162,1.0061162,1.004868,1.0006027,1.0126529,0.98806125,0.99633294,0.9513199,0.9452561,0.95667076,0.6,0.5,0.65,0.76666665,0.6166667,0.6887088,0.589346,0.7232838,0.7232838,0.53193766,1.0,0.2,0.6,0.73333335,0.016666668,0.2,0.6,0.35,0.56666666,0.78333336,0.8,-0.4,0.25,0.16666667,-0.76666665,-0.21039145,-0.381287,0.38898185,0.43696493,0.28526807,0.20220007,0.21339312,0.56773704,0.5954112,0.37727678,0.4,0.3,0.45,0.4,0.43333334,0.6,0.7,0.55,0.6,0.56666666,-0.2,-0.4,-0.1,-0.2,-0.13333334,0.5253396,0.47387925,0.5640503,0.52460384,0.46531397,0.47466037,0.5261207,0.43594968,0.47539616,0.534686,0.050679248,-0.05224148,0.12810065,0.04920768,-0.06937207,1.1532501,0.8554274,0.72509545,0.6538142,0.6313806,0.2786491,0.37143862,0.32016423,0.28459257,0.23264164,1.2089417,1.5277783,1.429139,1.422658,1.3517097,0.5709409,0.5851575,0.56243247,0.5420807,0.50682783,0.42905912,0.4148425,0.43756753,0.45791927,0.49317217,0.14188178,0.17031504,0.124864936,0.08416144,0.013655678
SH600160,0.051393837379408246,1.0,,2026-04-24,0.04098598,0.052569095,0.7796592,0.008316052,0.1581928,0.0032670652,0.06214802,0.035936993,0.68361443,0.96062773,1.0079886,0.9574893,0.9840101,0.964052,0.9928759,0.99315274,1.1312306,1.1362149,0.9783758,0.9784614,0.98131233,0.99965686,1.0719519,0.015708698,0.015941218,0.015275516,0.039154135,0.08317063,0.0010849754,-0.000364945,-0.0004471272,-0.0030967013,-0.0036270882,0.011926126,0.0048042247,0.029987376,0.4847805,0.58006424,0.019454237,0.023180842,0.022935372,0.04524534,0.03504718,1.0079886,1.0336754,1.0336754,1.1440694,1.2530631,0.9532104,0.93923736,0.93923736,0.93923736,0.93923736,0.9865271,0.9865271,0.99582624,1.00868,1.1600544,0.966227,0.96542144,0.96542144,0.97192127,0.98310345,1.0,0.9,0.95,0.73333335,0.36666667,0.85416406,0.64341277,0.64341277,0.29664612,0.19361903,1.0,0.3,0.65,0.033333335,0.36666667,0.8,0.2,0.6,0.73333335,0.8666667,0.2,0.1,0.05,-0.7,-0.5,0.56729543,0.73427993,0.076105826,-0.052653898,0.092167325,0.54693335,0.34761786,0.27988905,0.03274523,0.12634096,0.4,0.3,0.45,0.36666667,0.46666667,0.6,0.7,0.55,0.6,0.51666665,-0.2,-0.4,-0.1,-0.23333333,-0.05,0.7128797,0.5179636,0.510119,0.37856972,0.4431008,0.28712028,0.48203644,0.48988095,0.6214303,0.5568992,0.42575943,0.03592713,0.02023809,-0.24286054,-0.1137984,0.7806858,0.7822335,0.59911704,0.5709978,0.591962,0.17040339,0.15253414,0.22682452,0.20438674,0.22155167,1.0446229,0.85993093,1.0519339,0.9914681,0.939295,0.65686435,0.630589,0.6138363,0.5402099,0.51669693,0.34313568,0.36941096,0.38616368,0.45979014,0.48330304,0.31372866,0.26117808,0.22767262,0.08041973,0.033393912
SZ002028,0.051353087913230754,0.75,,2026-04-24,-0.0036779167,0.0340435,-0.1080358,0.016371418,0.48089704,0.013994164,0.41106716,-0.00605517,-0.17786568,1.0036914,1.0201234,0.98595417,1.0020994,0.9625,0.94687855,0.9465629,0.9593925,0.8866438,0.9919778,0.96680355,0.94807136,0.9465781,0.94217753,0.01444335,0.033715438,0.032140523,0.029116306,0.05567312,0.0073693353,0.010506473,0.0040949215,0.0013358514,0.0013149747,0.65081984,0.8901592,0.56813735,0.16313437,0.17015456,-0.006716468,-0.014082668,0.013026912,0.034052074,0.019030722,1.045694,1.045694,1.045694,1.045694,1.0764877,0.9003745,0.8920457,0.8913702,0.8913702,0.8035826,1.0016747,0.99794656,0.97490716,0.97218853,0.99527377,0.97917515,0.9402874,0.924432,0.9217129,0.90253496,0.8,0.9,0.95,0.96666664,0.8333333,0.68556213,0.70260686,0.7039085,0.7039085,0.7197279,0.8,0.9,0.95,0.96666664,0.43333334,0.2,0.1,0.35,0.56666666,0.11666667,0.6,0.8,0.6,0.4,0.31666666,-0.0019986753,-0.15231872,0.10360949,0.07763863,-0.10431834,0.93001646,0.068029106,-0.24232134,-0.15072392,-0.06381912,0.6,0.6,0.5,0.46666667,0.46666667,0.4,0.4,0.5,0.53333336,0.53333336,0.2,0.2,0.0,-0.06666667,-0.06666667,0.77382815,0.6391482,0.56908405,0.5340283,0.54258233,0.22617185,0.3608518,0.43091592,0.4659717,0.4574177,0.5476563,0.2782964,0.13816816,0.06805658,0.08516462,1.3969355,1.3527474,1.2057879,1.1504291,1.1705794,0.37773776,0.30807468,0.3402111,0.3106163,0.30698597,0.6853854,0.763239,0.791077,0.750898,0.84482396,0.47287333,0.44724104,0.5327445,0.4628305,0.47578573,0.52712667,0.552759,0.4672555,0.5371695,0.52421427,-0.05425336,-0.10551793,0.065489,-0.074339,-0.04842852
SH601998,0.04971869295055508,1.0,,2026-04-24,-0.0011961489,0.019138778,-0.06249871,0.013157875,0.6874982,0.0047847535,0.2500031,-0.009569271,-0.4999938,1.0011976,1.0143712,0.9952095,1.0021882,0.980758,0.98309034,1.0034986,0.88746357,0.9113702,1.0018659,0.9963265,0.9946064,0.97978616,0.92874634,0.005507042,0.010200094,0.008110207,0.029152233,0.056286182,0.00011662055,0.0017139341,0.00035204744,0.0024719397,0.0028033054,0.0011211232,0.25881612,0.06594876,0.5572291,0.756549,-0.0020991066,-0.0040392037,0.0020491704,-0.015629295,-0.011443834,1.0296519,1.0296519,1.0296519,1.0296519,1.0296519,0.97736895,0.9687829,0.9687829,0.87996954,0.84996,1.003965,1.0034986,1.0013994,1.0002332,0.99416906,0.99906707,0.9891545,0.9903207,0.95276964,0.8703207,0.4,0.6,0.75,0.8,0.9,0.43285713,0.5128568,0.5128568,0.80190104,0.8349846,0.4,0.7,0.85,0.9,0.95,0.2,0.1,0.55,0.033333335,0.4,0.2,0.6,0.3,0.8666667,0.55,0.38151363,0.63202614,0.37765694,-0.504252,-0.288145,0.73912555,0.5676285,0.38568777,0.39544258,0.11234866,0.6,0.5,0.45,0.56666666,0.48333332,0.4,0.5,0.5,0.4,0.48333332,0.2,0.0,-0.05,0.16666667,0.0,0.72602737,0.5847956,0.48837212,0.691849,0.579332,0.27397263,0.41520438,0.5116279,0.308151,0.42066798,0.45205474,0.16959123,-0.02325579,0.383698,0.15866402,0.94933826,0.8358019,0.91725343,1.2439003,1.3045906,0.113771066,0.15119998,0.25137746,0.55587375,0.5615863,0.82384485,0.65538543,0.7352603,1.3702712,1.1795808,0.68044597,0.6082883,0.43271744,0.49632192,0.48214924,0.319554,0.39171174,0.56728256,0.5036781,0.51785076,0.360892,0.21657653,-0.1345651,-0.0073561375,-0.035701502
SH600989,0.048965099799952214,0.75,,2026-04-24,0.037847124,0.06770833,0.558973,0.019791668,0.29230773,0.010069532,0.14871927,0.02812499,0.4153845,0.96353304,1.0190699,0.9538307,0.99272746,0.92839164,1.0,0.99692315,1.1283916,0.72447556,0.94914687,0.95639163,0.9714965,1.006732,0.9200187,0.03361732,0.03256856,0.03215482,0.06365652,0.123349495,0.020643353,-0.002202167,-0.0026117035,-0.006063614,0.004826469,0.9427018,0.041909724,0.23089984,0.7032004,0.4669648,0.009566408,0.053518098,0.053314645,0.08119043,-0.06239952,1.0190699,1.0315946,1.0538357,1.220772,1.220772,0.8898544,0.8898544,0.8898544,0.8898544,0.7227476,0.97023785,0.9894826,1.0013986,1.0669092,1.0173428,0.92335665,0.9277763,0.9420979,0.9551329,0.78360844,1.0,0.9,0.775,0.55,0.725,0.85241777,0.7770948,0.6716958,0.33284914,0.5567044,1.0,0.1,0.1,0.06666667,0.53333336,0.4,0.7,0.85,0.9,0.13333334,0.6,-0.6,-0.75,-0.8333333,0.4,0.9317227,0.6991368,0.4314234,0.8303978,0.7163678,0.31313825,0.28957427,0.13394152,0.21793292,0.32711574,0.8,0.5,0.55,0.46666667,0.6,0.2,0.5,0.45,0.53333336,0.4,0.6,0.0,0.1,-0.06666667,0.2,0.867816,0.5,0.50319946,0.41381896,0.58400136,0.13218404,0.5,0.49680057,0.58618104,0.41599867,0.73563194,0.0,0.0063988846,-0.17236209,0.16800268,0.68273705,0.65123713,0.672932,0.8365086,0.79695594,0.20898114,0.1769439,0.17233337,0.32468942,0.43701425,0.85151213,0.80382544,1.0427613,0.8272843,1.2766103,0.8922979,0.6535264,0.5469556,0.45615003,0.5280658,0.10770209,0.34647357,0.4530444,0.54384995,0.47193423,0.7845958,0.30705285,0.093911156,-0.087699935,0.056131557
SH601229,0.04771089211794605,1.0,,2026-04-24,-0.00812177,0.020304589,-0.39999676,0.00710661,0.3500002,0.005076209,0.25000304,-0.010152171,-0.49999392,1.0081882,1.0153531,0.9948822,1.0029595,0.9967329,0.9814865,1.0040839,0.9978219,0.9926491,1.0021236,1.0003811,1.0010073,1.0044559,0.99584806,0.004980893,0.008514485,0.010891753,0.011947366,0.022897732,0.0003267087,0.0009768283,-0.00040285595,-0.00065384014,0.00057058973,0.010755906,0.12065105,0.04788197,0.23211357,0.18939252,-0.0027770197,-0.004776878,0.0028198054,0.0050247665,-0.012680455,1.0203072,1.0203937,1.0286278,1.0316573,1.037854,0.9916162,0.97425723,0.97425723,0.97425723,0.93222696,1.0044106,1.0044106,1.0113803,1.0143751,1.0122515,0.99934655,0.9967329,0.9944459,0.9965696,0.9812687,0.4,0.4,0.4,0.3,0.5,0.29220933,0.55797017,0.47346947,0.4484793,0.64162636,0.8,0.4,0.2,0.1,0.25,0.6,0.1,0.55,0.7,0.1,0.2,0.3,-0.35,-0.6,0.15,0.59913397,0.49557278,0.19703175,0.14335242,-0.3599343,0.8433887,0.6554918,0.28053418,0.12886943,0.2525697,0.4,0.4,0.35,0.36666667,0.4,0.6,0.6,0.65,0.6,0.55,-0.2,-0.2,-0.3,-0.23333333,-0.15,0.54545456,0.6125831,0.48677257,0.50427353,0.50648105,0.45454547,0.38741693,0.51322746,0.49572644,0.49351898,0.09090909,0.22516617,-0.026454896,0.00854712,0.012962048,0.7786555,0.6380044,0.5794156,0.58600104,0.6744038,0.33266354,0.2924192,0.22308785,0.1906785,0.24811836,0.987183,1.0149931,1.0198629,0.9732423,1.297039,0.70737475,0.5911486,0.56313884,0.55068195,0.5044338,0.29262528,0.40885141,0.4368612,0.44931805,0.49556616,0.41474944,0.18229719,0.12627763,0.10136393,0.008867661
SH601058,0.04640894505411025,0.875,,2026-04-24,0.002969538,0.017817356,0.16666548,0.014847817,0.8333345,0.0,0.0,-0.011878279,-0.6666691,0.99703926,1.0148039,0.99703926,1.0062214,1.0088766,1.0052994,0.9741653,1.0763116,1.2191309,1.0104133,1.0062666,0.99965554,1.0001369,1.0782923,0.008966346,0.018471044,0.022593841,0.027304538,0.08882355,-0.0037095887,0.0023309404,0.0019277129,0.0001543554,-0.004450196,0.42791796,0.14597917,0.2547843,0.002476713,0.7655999,-0.0029941685,-0.016755786,-0.017968806,-0.0023750465,0.05298853,1.0400552,1.04823,1.0511912,1.0917896,1.2532067,0.99195147,0.95048374,0.9497417,0.93348557,0.93348557,1.013805,1.0220721,1.0209327,1.0249603,1.1769475,1.0054054,0.99764174,0.9825649,0.97469527,0.9941706,0.2,0.3,0.45,0.5,0.25,0.16731606,0.5065793,0.49540237,0.42016888,0.20803894,0.4,0.4,0.4,0.033333335,0.18333334,0.8,0.1,0.15,0.23333333,0.6166667,-0.4,0.3,0.25,-0.2,-0.43333334,0.8218374,-0.31439072,0.2673553,0.042919107,-0.22897786,0.8258411,-0.2564641,0.45068014,0.14953743,-0.028128635,0.4,0.5,0.45,0.4,0.35,0.6,0.5,0.55,0.6,0.6333333,-0.2,0.0,-0.1,-0.2,-0.28333333,0.38943878,0.48338863,0.53319716,0.43846154,0.41252378,0.61056125,0.5166114,0.4668028,0.56153846,0.5874762,-0.22112244,-0.033222735,0.06639436,-0.12307689,-0.17495243,1.2094811,1.7736858,1.7131836,1.7320577,1.6135263,0.22833754,0.83156025,0.78240323,0.7120876,0.6616891,0.8554049,1.2369688,1.3339862,1.1674136,1.1677619,0.4021285,0.47587636,0.49268252,0.49569348,0.49211118,0.5978715,0.52412367,0.5073175,0.50430655,0.50788885,-0.195743,-0.048247293,-0.014634944,-0.008613052,-0.015777659
SH600183,0.04523395041496602,1.0,,2026-04-24,-0.021158969,0.055929888,-0.37831238,0.020215657,0.3614464,0.014555261,0.26024118,-0.026819365,-0.4795176,1.0216163,1.042269,0.98513013,1.0065017,0.95346856,0.84277004,0.762909,0.86410904,0.9531883,1.0076568,0.96369565,0.8658776,0.8526065,0.88864285,0.03316665,0.054850575,0.111078374,0.095409304,0.08339027,0.011097895,0.016719488,0.017943805,0.0065700496,-0.0013843997,0.27990976,0.85171634,0.9133518,0.3675002,0.08406052,-0.029852565,-0.03893335,-0.036343742,0.052127823,0.15219694,1.0808265,1.0808265,1.0808265,1.0808265,1.0808265,0.94644076,0.8299661,0.7049422,0.7049422,0.7049422,1.034839,1.0063897,0.968608,0.934852,0.95388097,0.9913262,0.92088956,0.7576803,0.75974214,0.8144889,0.6,0.8,0.9,0.93333334,0.9,0.39854842,0.67780274,0.7849696,0.7849696,0.7849696,0.8,0.9,0.95,0.96666664,0.98333335,0.2,0.1,0.25,0.5,0.75,0.6,0.8,0.7,0.46666667,0.23333333,0.64197135,-0.08336919,0.62797827,0.58820575,0.3274911,0.50930315,0.41129494,0.04643575,-0.039982382,0.24130243,0.6,0.8,0.75,0.6666667,0.51666665,0.4,0.2,0.25,0.33333334,0.48333332,0.2,0.6,0.5,0.33333334,0.033333335,0.6669781,0.8144192,0.7526236,0.59520644,0.51557,0.33302185,0.18558082,0.2473764,0.4047936,0.48443002,0.3339563,0.62883836,0.50524724,0.19041285,0.031139964,1.1413882,1.1796551,0.9956127,0.93598044,0.863736,0.14240278,0.21853612,0.29719523,0.26250696,0.24185745,0.6371369,0.7511404,0.8703826,0.8619902,0.8726105,0.506628,0.48813015,0.5185982,0.52884835,0.510695,0.49337202,0.51186985,0.4814018,0.47115165,0.48930502,0.013255965,-0.023739673,0.03719637,0.05769672,0.021389974
SH600795,0.044571718398248514,0.875,,2026-04-24,-0.012024042,0.016032102,-0.74999785,0.0040080594,0.25000212,0.0,0.0,-0.016032102,-1.0,1.0121704,1.0162272,1.0,1.0067887,0.97768885,0.9736322,1.0365092,1.0628836,0.99188685,0.9959434,0.9878303,0.98488927,0.9947941,0.98390883,0.009832506,0.011513513,0.014439598,0.020392284,0.033110283,0.0042594085,0.003097753,0.00041633265,-0.001190802,0.00084244076,0.4691483,0.663574,0.029096369,0.26427072,0.19744803,-0.0044622677,-0.0017701781,0.011155567,0.022472546,-0.008760824,1.0162272,1.0162272,1.0344818,1.0709921,1.0709921,0.9756603,0.96349025,0.9533493,0.9533493,0.9188613,1.002434,1.0004057,0.99513215,1.0105472,1.0105472,0.9910756,0.97768885,0.9752549,0.97768885,0.9488871,0.6,0.8,0.85,0.6,0.65,0.59998846,0.692299,0.57499415,0.39654517,0.5333479,1.0,1.0,0.05,0.033333335,0.51666665,0.2,0.1,0.35,0.56666666,0.15,0.8,0.9,-0.3,-0.53333336,0.36666667,0.82492405,0.7732988,0.6177575,0.76194954,0.2215247,0.86342734,0.7839679,0.6024976,0.4255744,0.26565734,0.6,0.5,0.4,0.4,0.45,0.4,0.4,0.55,0.56666666,0.53333336,0.2,0.1,-0.15,-0.16666667,-0.083333336,0.7391299,0.6756758,0.41346154,0.41039675,0.5063691,0.26087007,0.3243242,0.5865385,0.58960325,0.49363086,0.47825983,0.3513516,-0.17307696,-0.17920652,0.012738275,1.0330693,0.9433783,1.006715,1.2208923,1.555197,0.20750667,0.25997323,0.2773439,0.44010937,0.74724144,1.0110542,1.0642264,0.8718631,0.98614395,0.93076897,0.6707335,0.55986327,0.41327387,0.42618752,0.49436677,0.3292665,0.4401367,0.5867261,0.5738125,0.50563323,0.341467,0.11972659,-0.17345224,-0.14762498,-0.011266492
SZ002050,0.04413083862116525,1.0,,2026-04-24,0.0024537104,0.022083394,0.11111111,0.008030359,0.3636379,0.011599325,0.525251,0.0060226764,0.2727242,0.9975523,1.0080107,0.98598135,0.99681014,1.0133548,0.9984425,0.97618955,1.0854498,1.2895052,1.0157603,1.0117092,0.9863966,0.99019843,1.0606929,0.012359275,0.012116073,0.03121019,0.033002645,0.08293821,-0.0065648537,0.0010846049,0.004297454,0.00036450665,-0.0039962456,0.7053492,0.07345659,0.66358674,0.00945399,0.7081004,-0.002630559,-0.016589904,-0.027222397,0.004516218,0.057196327,1.0429577,1.0429577,1.0429577,1.0758892,1.3039604,0.98598135,0.9793062,0.92122936,0.915453,0.915453,1.0256883,1.0229222,1.0144219,1.0213646,1.1507868,1.0039227,1.0030345,0.95652086,0.957366,0.9826044,0.2,0.2,0.6,0.56666666,0.28333333,0.24604352,0.3251113,0.64710236,0.5269817,0.21761994,0.4,0.7,0.85,0.033333335,0.016666668,1.0,0.1,0.35,0.26666668,0.6333333,-0.6,0.6,0.5,-0.23333333,-0.6166667,-0.04475314,0.3716737,0.78820837,0.26008815,0.730352,-0.29165435,0.3352129,0.79723525,0.5019337,0.30366698,0.4,0.4,0.35,0.33333334,0.38333333,0.6,0.6,0.65,0.6666667,0.6166667,-0.2,-0.2,-0.3,-0.33333334,-0.23333333,0.32762372,0.5076249,0.5414427,0.4105228,0.37385628,0.6723763,0.49237508,0.45855728,0.5894772,0.6261437,-0.34475255,0.01524985,0.08288542,-0.1789544,-0.25228742,1.2467642,1.2059963,1.083336,1.0808803,1.4712548,0.23879443,0.21553151,0.28910983,0.28179222,0.66891867,1.2108369,0.87280923,1.118224,0.9235837,1.0596668,0.49096015,0.4151157,0.4600279,0.4837697,0.4686421,0.5090398,0.5848843,0.5399721,0.5162303,0.5313579,-0.018079696,-0.16976857,-0.07994421,-0.032460555,-0.062715806
SH600570,0.04349731441142563,0.625,,2026-04-24,-0.002284854,0.022467654,-0.101695254,0.005331283,0.23728703,0.014851518,0.6610177,0.0072353813,0.32203543,1.0022901,1.0076336,0.98511446,0.9955993,1.0164114,1.0263308,0.9534334,1.062978,1.2332044,1.0125146,1.0153781,0.99938583,1.0024395,1.0737246,0.009741375,0.0085455235,0.022528261,0.02934816,0.087519236,-0.003738999,-0.0014735289,0.002763595,-2.1768205e-05,-0.0044149626,0.36830717,0.27255327,0.5266978,4.2636853e-05,0.7761521,-0.005036571,-0.008747251,-0.025639988,-0.002123841,0.05651671,1.0297647,1.0324371,1.0362545,1.0751842,1.2580141,0.98511446,0.98511446,0.9373987,0.9373987,0.9373987,1.0205278,1.0208385,1.0195367,1.0266365,1.1623619,1.0067132,1.0083914,0.97365725,0.9706046,0.9951914,0.2,0.1,0.45,0.46666667,0.23333333,0.33338082,0.31455404,0.6332589,0.45433855,0.1952536,0.6,0.3,0.5,0.1,0.016666668,1.0,1.0,0.05,0.36666667,0.68333334,-0.4,-0.7,0.45,-0.26666668,-0.6666667,0.776367,0.70009077,0.780412,0.42544597,0.6234572,0.9613859,0.70220584,0.8597654,0.4060017,0.12964766,0.4,0.4,0.5,0.46666667,0.41666666,0.6,0.6,0.5,0.53333336,0.56666666,-0.2,-0.2,0.0,-0.06666667,-0.15,0.3516934,0.37635788,0.585684,0.4315295,0.3752507,0.6483066,0.6236421,0.414316,0.56847054,0.6247493,-0.29661322,-0.24728423,0.17136802,-0.13694103,-0.24949862,1.0969307,1.1021851,1.0723771,1.1226474,1.3795755,0.22232293,0.16257511,0.3653266,0.35490796,0.55857295,0.6262976,0.56936336,1.2045915,1.0955104,1.0842992,0.49167758,0.27870765,0.50071496,0.50250715,0.47026962,0.5083224,0.7212923,0.499285,0.49749288,0.5297304,-0.016644847,-0.4425847,0.0014299478,0.005014251,-0.059460778
SZ002920,0.04337233402230209,0.75,,2026-04-24,0.033732694,0.04857146,0.69449615,0.007742019,0.1593944,0.0070967497,0.14610945,0.033087425,0.68121123,0.96736807,1.0074893,0.9605029,0.9943839,0.9612235,0.9506101,0.9270433,1.0474678,1.1631289,0.96379745,0.9567776,0.94453454,0.95815927,1.0156499,0.02359797,0.019787861,0.021369586,0.03527581,0.06931634,0.0126859415,0.004344629,0.0026440814,-0.0015292511,-0.0035088998,0.7224971,0.4418951,0.53582805,0.14564826,0.7815747,0.010830677,0.02367161,0.030346682,0.064014874,0.08786262,1.0074893,1.0074893,1.0074893,1.0544492,1.1889185,0.9254432,0.9254432,0.9007952,0.9007952,0.9007952,0.97927463,0.96794254,0.95527333,0.98101294,1.0802776,0.94888854,0.9424704,0.9249541,0.93045294,0.94419193,1.0,1.0,1.0,0.8333333,0.41666666,0.9087175,0.9087175,0.92980516,0.6456375,0.34431374,1.0,1.0,1.0,0.1,0.033333335,0.6,0.8,0.35,0.56666666,0.78333336,0.4,0.2,0.65,-0.46666667,-0.75,0.783335,0.71141845,0.7935514,0.29959986,0.5358614,-0.014083322,0.38723546,0.5035822,0.35872024,0.13195314,0.6,0.5,0.45,0.4,0.4,0.4,0.5,0.55,0.6,0.6,0.2,0.0,-0.1,-0.2,-0.2,0.7426778,0.6674219,0.6192948,0.4489576,0.41770655,0.25732222,0.3325781,0.38070518,0.55104244,0.58229345,0.48535556,0.33484378,0.23858963,-0.10208484,-0.1645869,0.72392255,0.62111443,0.5013239,0.4734051,0.55349416,0.21977735,0.20688841,0.19761537,0.16890176,0.20207846,0.7402157,0.9194462,0.9850518,0.95307153,1.045961,1.0,0.7447883,0.64337295,0.5578128,0.51781416,0.0,0.25521174,0.35662708,0.44218722,0.48218587,1.0,0.48957652,0.28674588,0.11562557,0.035628267
SH600941,0.04259929613479264,0.75,,2026-04-24,-0.0037578063,0.008246307,-0.45569566,0.0019832966,0.24050725,0.0025052042,0.3037971,-0.0032358987,-0.3924058,1.003772,1.0057628,0.99748534,1.0009463,0.97931814,0.9849429,0.9835583,1.0104707,1.0073556,0.99974036,0.9902648,0.9853626,0.9924801,0.99317384,0.013234236,0.01334415,0.010734927,0.018263375,0.015593565,0.0036344856,0.0032773213,0.0011932098,-0.00082625047,-0.0001158281,0.1885507,0.55292684,0.43241775,0.15862186,0.016828168,-0.0070093614,-0.0050127446,0.003301931,0.019500546,0.010243121,1.0152967,1.0152967,1.0152967,1.0360084,1.0360084,0.9765396,0.9765396,0.9669954,0.9669954,0.9587886,1.0060228,1.0040498,0.9879543,1.0093458,1.0051575,0.9955175,0.9800104,0.97857386,0.9787643,0.9800104,0.4,0.7,0.85,0.7,0.68333334,0.60531926,0.60531926,0.68330693,0.47823754,0.5336899,0.6,0.8,0.9,0.16666667,0.5833333,0.2,0.6,0.1,0.4,0.13333334,0.4,0.2,0.8,-0.23333333,0.45,0.7985997,0.80598444,0.6995592,0.5684717,0.3271361,0.9975292,0.9798469,0.9192274,0.6172183,0.2655843,0.4,0.3,0.4,0.46666667,0.45,0.6,0.7,0.6,0.53333336,0.53333336,-0.2,-0.4,-0.2,-0.06666667,-0.083333336,0.7049734,0.62682176,0.58636343,0.4716097,0.4917874,0.29502657,0.37317824,0.41363654,0.5283903,0.50821257,0.40994686,0.2536435,0.1727269,-0.056780573,-0.016425189,1.6532952,1.3179038,1.2182024,1.414274,1.7191688,1.1205589,0.8310376,0.5981458,0.6550927,0.836171,1.8810071,2.5475972,2.8773224,2.0905564,1.8015685,0.50557226,0.49068907,0.4915142,0.49402124,0.48597592,0.49442774,0.5093109,0.5084858,0.50597876,0.5140241,0.01114454,-0.018621841,-0.016971573,-0.011957545,-0.028048167
SH600803,0.04112092775359404,1.0,,2026-04-24,0.00664769,0.035612557,0.18666703,0.018043714,0.50666714,0.010921154,0.3066658,-0.00047486942,-0.0133343255,0.9933962,1.0179245,0.98254716,1.0044942,0.97691,0.9811368,1.0443505,1.0514163,0.92505205,0.98878306,0.98704815,1.0089616,1.0284545,0.9936818,0.0077544283,0.007005397,0.031964302,0.041075848,0.061851576,0.0037221555,0.00060602307,-0.004382778,-0.0039698808,0.0018397728,0.5760093,0.068600014,0.65801615,0.7239083,0.26985264,0.0037726478,0.010224761,0.032674816,0.02910871,-0.04795508,1.0179245,1.0179245,1.1042845,1.1320829,1.1580297,0.972652,0.97170186,0.97170186,0.97170186,0.89909583,0.993237,0.9911425,1.0364519,1.0702416,1.0521734,0.98246163,0.98010224,0.98265094,0.9889723,0.9253044,1.0,1.0,0.65,0.43333334,0.5833333,0.6040744,0.61221313,0.2134377,0.17644313,0.3896909,1.0,1.0,0.1,0.2,0.4,0.6,0.1,0.55,0.7,0.28333333,0.4,0.9,-0.45,-0.5,0.11666667,0.16978745,-0.05409805,0.2683969,0.6095689,0.66946644,-0.40063158,-0.49567834,-0.2096736,-0.11267314,0.41701487,0.8,0.6,0.45,0.46666667,0.48333332,0.2,0.4,0.55,0.53333336,0.51666665,0.6,0.2,-0.1,-0.06666667,-0.033333335,0.78773504,0.6161616,0.41899064,0.45103928,0.5316631,0.21226493,0.38383842,0.5810094,0.5489607,0.46833688,0.57547015,0.23232314,-0.16201873,-0.09792143,0.06332625,0.7809954,0.7864112,0.9213768,1.1940584,1.2863584,0.16041748,0.17187491,0.27836472,0.5582695,0.890122,0.4895523,0.5526958,0.9209101,1.2643679,2.0080388,0.48322338,0.47477543,0.4626921,0.44975075,0.5060879,0.5167766,0.52522457,0.5373079,0.5502493,0.49391207,-0.033553217,-0.050449125,-0.07461578,-0.1004985,0.0121758375
SH601600,0.03868104383520933,1.0,,2026-04-24,0.016849212,0.021903941,0.769232,0.0033697912,0.15384406,0.0016849383,0.076923974,0.0151643595,0.6923119,0.98342997,1.0033139,0.98177296,0.9933686,1.0516717,1.0235562,0.93693006,1.2226443,1.1101823,1.0025835,1.018465,0.9979863,1.0017223,1.0662107,0.012376918,0.023777308,0.039411467,0.05876883,0.08758715,-0.0060790163,-0.0041401833,0.0036251354,-0.0003992953,-0.003024861,0.6030892,0.27792343,0.29612243,0.0035776342,0.36377254,0.009574475,0.00016580783,-0.032425076,0.004067421,0.023022687,1.0437803,1.0607903,1.0607903,1.2426279,1.3133409,0.97396743,0.97396743,0.91609323,0.9023952,0.9023952,1.0094224,1.0364741,1.0253799,1.0480243,1.1407294,0.99711245,1.000608,0.9554711,0.94696045,0.98449844,0.4,0.2,0.45,0.5,0.25,0.37289068,0.29983574,0.57987905,0.28687665,0.2375127,0.2,0.4,0.7,0.033333335,0.1,0.8,0.9,0.05,0.23333333,0.6166667,-0.6,-0.5,0.65,-0.2,-0.51666665,0.38218224,0.4003146,0.072016366,0.2942684,0.5178788,-0.5353893,0.23819613,0.61643296,0.47691366,0.4287749,0.2,0.3,0.5,0.4,0.5,0.8,0.7,0.5,0.6,0.5,-0.6,-0.4,0.0,-0.2,0.0,0.17924562,0.43673474,0.5614815,0.3727194,0.47269306,0.82075435,0.56326526,0.43851852,0.6272806,0.527307,-0.64150876,-0.12653051,0.12296295,-0.2545612,-0.054613914,1.0731208,1.1287832,1.4280715,1.4780428,1.7681113,0.19523017,0.19761229,0.560918,0.5050269,0.87304115,0.7722145,0.7758505,1.0459622,0.86720866,1.363323,0.5224841,0.39995247,0.5026503,0.44180623,0.49485198,0.47751588,0.6000475,0.49734965,0.5581938,0.505148,0.044968236,-0.20009504,0.0053006746,-0.116387546,-0.0102960225
SH600233,0.0384961353803234,0.75,,2026-04-24,-0.020107212,0.039320868,-0.5113623,0.016085826,0.40909132,0.003127831,0.07954634,-0.033065204,-0.84090734,1.0205199,1.0369357,0.996808,1.0154144,0.95938915,0.93479156,0.91151464,0.8988031,0.798019,0.9871564,0.9669913,0.94560874,0.9329894,0.88061905,0.02683606,0.03663278,0.03498959,0.03632777,0.066188194,0.0147338,0.009962606,0.0041033477,0.002711667,0.003508908,0.75358456,0.6779812,0.4813565,0.43181416,0.85720116,-0.016624015,-0.011823057,0.015409464,0.027691437,0.015868163,1.0424415,1.0424415,1.0424415,1.0424415,1.0424415,0.93892705,0.8910495,0.8887043,0.8449763,0.75560194,1.0041106,0.9934626,0.97784567,0.96222866,0.9352538,0.968832,0.94160956,0.9087082,0.9074206,0.8134379,0.8,0.9,0.95,0.96666664,0.98333335,0.5899944,0.7196581,0.72393465,0.78506833,0.85203743,0.8,0.9,0.95,0.96666664,0.98333335,0.8,0.1,0.35,0.23333333,0.1,0.0,0.8,0.6,0.73333335,0.8833333,0.823936,0.6317597,0.7156315,0.31867522,0.5048035,0.6870338,0.77338266,0.72346824,0.49036828,0.4835293,0.6,0.5,0.55,0.56666666,0.51666665,0.4,0.5,0.45,0.43333334,0.46666667,0.2,0.0,0.1,0.13333334,0.05,0.70130944,0.648051,0.6194829,0.5875215,0.60581166,0.29869053,0.35194898,0.3805171,0.41247854,0.39418834,0.4026189,0.29610208,0.23896581,0.17504294,0.21162333,0.99783236,0.9581297,0.7595746,0.79286116,0.68755054,0.4974919,0.4669485,0.40889013,0.3691769,0.36117926,0.81470346,1.447154,1.5767821,1.3535252,1.5206916,0.5726879,0.5338895,0.527333,0.53134114,0.50997514,0.42731208,0.46611053,0.472667,0.46865886,0.49002486,0.14537586,0.06777895,0.054665983,0.062682256,0.019950278
SH605499,0.038233214065650264,0.75,,2026-04-24,-0.014975428,0.019359592,-0.7735404,0.00394089,0.20356265,0.0004432756,0.02289695,-0.018473042,-0.9542061,1.0152031,1.0192039,0.99955,1.006617,0.99920934,1.0008266,1.0939837,1.1333382,1.2557145,1.0107964,0.991874,1.0170267,1.0593673,1.1612829,0.008874944,0.023329869,0.04647984,0.07407292,0.12607093,-0.0023253467,0.0063448595,-0.0046683606,-0.007319831,-0.0066104974,0.17162643,0.6780019,0.35307553,0.75680643,0.8385678,-0.006145779,-0.020425824,0.02732273,0.0467703,0.03372682,1.0407374,1.0407374,1.1477044,1.2190082,1.3952972,0.9917052,0.94026494,0.94026494,0.94026494,0.94026494,1.0192353,1.0095314,1.0324253,1.1403034,1.2819581,1.0054917,0.9695084,0.9866231,0.99984187,1.0173233,0.2,0.6,0.35,0.23333333,0.11666667,0.16917133,0.5945418,0.28796372,0.2143013,0.1312765,0.8,0.9,0.1,0.1,0.21666667,0.2,0.2,0.6,0.73333335,0.8666667,0.6,0.7,-0.5,-0.6333333,-0.65,0.6799703,-0.6362553,-0.41003993,-0.66327536,-0.44192976,0.20652737,-0.01610585,-0.4654198,-0.4165005,-0.2930945,0.6,0.6,0.5,0.46666667,0.41666666,0.4,0.4,0.5,0.53333336,0.5833333,0.2,0.2,0.0,-0.06666667,-0.16666667,0.5059136,0.49731877,0.40086436,0.40880933,0.4115204,0.49408638,0.5026812,0.59913564,0.5911907,0.5884796,0.011827244,-0.0053624366,-0.19827129,-0.18238133,-0.1769592,1.0361087,1.392622,1.3632413,1.12238,0.9818026,0.19468722,0.47108224,0.63406336,0.63650954,0.53680295,0.67316127,0.73700345,1.7893382,1.8862587,1.7552863,0.18841504,0.48001918,0.5177648,0.49313056,0.50183713,0.81158495,0.5199808,0.4822352,0.50686944,0.49816287,-0.62316996,-0.03996162,0.035529617,-0.013738861,0.0036742978
SH688082,0.03693904187016649,0.375,,2026-04-24,0.011784348,0.04047653,0.2911403,0.01870113,0.4620241,0.00999105,0.24683563,0.0030742667,0.07595184,0.9883529,1.0184833,0.9784782,0.999922,0.9963244,0.9742088,0.89907795,0.98305506,1.343384,0.99758285,0.9935584,0.95608646,0.9550025,1.0393076,0.0130407065,0.013485326,0.045498904,0.04037008,0.10877463,0.0019499125,0.0018500508,0.006718673,0.0018359553,-0.0051226187,0.055894364,0.1725265,0.7631909,0.1602901,0.67643905,-0.0014826623,-0.00188364,-0.019913835,0.018376186,0.111809626,1.0266163,1.0266163,1.0266163,1.0266163,1.3737458,0.96996385,0.95586425,0.8770791,0.8770791,0.8770791,1.0038251,1.0015575,0.9930849,0.9906802,1.1503364,0.9894717,0.98653126,0.90337646,0.9127959,0.9518938,0.8,0.8,0.9,0.93333334,0.5,0.53018266,0.6238087,0.82200867,0.82200867,0.2474917,0.8,0.9,0.95,0.96666664,0.016666668,0.4,0.1,0.05,0.36666667,0.68333334,0.4,0.8,0.9,0.6,-0.6666667,0.84690183,0.8569124,0.7672068,0.44002786,0.31540272,0.90131193,0.92138547,0.8404729,0.4234987,0.089232765,0.4,0.4,0.55,0.5,0.4,0.6,0.6,0.45,0.5,0.6,-0.2,-0.2,0.1,0.0,-0.2,0.5225364,0.5829327,0.6500555,0.5151752,0.37698627,0.47746357,0.4170673,0.3499445,0.4848248,0.62301373,0.045072827,0.1658654,0.300111,0.030350413,-0.24602747,0.91446894,0.8997644,0.7940494,0.7223637,0.73897195,0.19354112,0.19541772,0.22997367,0.23740809,0.2937866,0.9453955,1.0332822,1.1559983,1.1027225,1.2180704,0.5768312,0.539198,0.49020502,0.547344,0.49944803,0.42316878,0.46080202,0.509795,0.45265597,0.50055194,0.15366246,0.07839594,-0.019589983,0.09468807,-0.0011039233
SZ000963,0.03681528439431553,0.625,,2026-04-24,0.024163071,0.040756933,0.59285796,0.011935965,0.29285732,0.0046578962,0.11428476,0.016885001,0.4142854,0.976407,1.0116544,0.971859,0.996617,0.9792374,1.0247254,0.95223546,0.9943087,1.0832825,0.9774246,0.98711455,1.0053045,1.0001884,1.0109761,0.013265522,0.015997035,0.02351556,0.025830695,0.030590435,0.0043232637,-0.002643024,-0.0028355436,-0.00041718656,-0.00096002064,0.2655307,0.2502273,0.50889724,0.020215763,0.30039287,0.013928875,0.024779089,0.021633182,0.0058609014,0.017344523,1.0116544,1.0232898,1.0562717,1.0562717,1.0866827,0.9653106,0.9653106,0.9408645,0.9408645,0.9408645,0.9829346,1.000624,1.0258595,1.0247254,1.0331359,0.9689003,0.9705993,0.97912353,0.9709956,0.97861344,1.0,0.8,0.4,0.46666667,0.35,0.7485238,0.5983076,0.5124076,0.5124076,0.4055427,1.0,0.1,0.25,0.5,0.016666668,0.6,0.8,0.05,0.36666667,0.68333334,0.4,-0.7,0.2,0.13333334,-0.6666667,0.85332555,0.68854475,0.5559851,0.5075703,0.18059672,0.672207,0.5577858,0.7187588,0.48810133,0.2169222,0.4,0.4,0.5,0.5,0.45,0.6,0.6,0.5,0.5,0.55,-0.2,-0.2,0.0,0.0,-0.1,0.7241691,0.4076525,0.5820538,0.5065433,0.4470957,0.2758309,0.5923475,0.4179462,0.49345675,0.5529043,0.4483382,-0.184695,0.1641076,0.013086518,-0.10580864,0.47076324,0.4844685,0.5230207,0.4754252,0.44565848,0.30402187,0.2129119,0.19385801,0.18415149,0.17458862,1.8554926,1.2262083,1.2933055,1.2636038,1.3168554,0.77969193,0.67721283,0.59465814,0.5694986,0.53409207,0.22030804,0.32278717,0.40534186,0.43050143,0.46590793,0.5593839,0.3544257,0.18931626,0.13899714,0.06818415
SH600015,0.03298034384899449,0.875,,2026-04-24,-0.005563257,0.012517367,-0.44444308,0.0013908525,0.11111383,0.005563257,0.44444308,-0.0013908525,-0.11111383,1.0055944,1.006993,0.9944056,0.9991216,0.998645,1.0153568,1.0,0.9846432,0.89498645,1.001626,1.0069557,1.0159101,1.0105841,0.9686239,0.0054280157,0.009030153,0.015001447,0.015871407,0.04818997,-0.0014001734,-0.00235964,-0.0014040858,0.00024939925,0.0025266728,0.16634949,0.62591124,0.30661193,0.019136436,0.83846414,0.001174344,0.0036626481,-0.0025712934,-0.01420044,-0.043160748,1.0166508,1.0237043,1.0516207,1.0516207,1.0516207,0.99020195,0.99020195,0.99020195,0.9678441,0.8824093,1.0046521,1.0156277,1.0288166,1.0237128,1.0130081,0.9985998,0.999729,1.003252,0.999729,0.9224481,0.4,0.3,0.2,0.26666668,0.6333333,0.37045318,0.2924586,0.15952854,0.38382852,0.69493335,0.4,0.3,0.25,0.5,0.75,0.6,0.8,0.9,0.23333333,0.1,-0.2,-0.5,-0.65,0.26666668,0.65,-0.19283822,-0.60663015,0.5715577,0.0461078,-0.25739622,0.26272568,0.19222489,0.54667866,0.13039567,0.19589408,0.4,0.3,0.4,0.43333334,0.55,0.6,0.6,0.55,0.53333336,0.41666666,-0.2,-0.3,-0.15,-0.1,0.13333334,0.5180719,0.38741708,0.5,0.525641,0.6009554,0.48192808,0.6125829,0.5,0.47435898,0.39904457,0.036143836,-0.22516587,0.0,0.05128206,0.20191085,1.1101394,0.98579895,1.260286,1.420279,1.5224957,0.15552469,0.18906176,0.46353382,0.5011409,0.51786804,0.6126931,0.64548504,0.83317375,1.0252706,0.976502,0.56758827,0.4770037,0.49447834,0.47894552,0.49388772,0.43241173,0.5229963,0.50552166,0.52105445,0.5061123,0.13517654,-0.045992617,-0.011043311,-0.042108927,-0.012224577
SZ300347,0.03274036670797251,0.75,,2026-04-24,0.003942643,0.041218583,0.09565207,0.022939049,0.5565221,0.01433689,0.34782588,-0.004659517,-0.1130441,0.9960728,1.022849,0.9817923,1.0017503,1.0282091,1.0328528,0.9064607,0.9962462,1.070516,1.0188164,1.028472,1.0084724,0.97837853,1.0281225,0.019347906,0.023057882,0.03274887,0.056074474,0.07583753,-0.011371254,-0.003817257,0.0034294587,0.0046184906,-0.0022710008,0.86355263,0.2512323,0.38381907,0.5257405,0.2735055,0.003926205,-0.0112942755,-0.041052345,-0.04534667,0.038872015,1.0592719,1.0872848,1.0872848,1.0872848,1.2111716,0.9817923,0.9817923,0.89360625,0.8413055,0.8413055,1.0290266,1.048666,1.0355638,1.0252061,1.0788244,1.0012902,1.0014321,0.9890111,0.93499243,0.98101133,0.2,0.1,0.35,0.56666666,0.3,0.23500024,0.17259736,0.5493314,0.6451537,0.42905936,0.2,0.3,0.65,0.76666665,0.23333333,1.0,1.0,0.05,0.23333333,0.6166667,-0.8,-0.7,0.6,0.53333336,-0.38333333,0.25872552,0.6016863,-0.12707616,0.11516419,0.09022735,-0.17297435,0.4830103,0.5754913,0.30784348,0.2907115,0.4,0.3,0.45,0.43333334,0.41666666,0.6,0.7,0.55,0.56666666,0.5833333,-0.2,-0.4,-0.1,-0.13333334,-0.16666667,0.30919704,0.41770566,0.6101723,0.50297254,0.47371092,0.690803,0.58229434,0.38982773,0.4970275,0.52628905,-0.38160595,-0.1645887,0.22034456,0.0059450306,-0.052578136,0.95873725,1.0887398,1.2861062,1.2181814,1.1451508,0.16219765,0.27720106,0.40379184,0.35514948,0.3957535,0.77778107,1.1010807,1.0881072,1.0173459,1.0947851,0.36491382,0.3940758,0.49625766,0.51739556,0.50715077,0.6350862,0.6059242,0.50374234,0.4826044,0.49284926,-0.2701724,-0.21184835,-0.007484682,0.034791157,0.014301497
SZ002625,0.03214586888392589,1.0,,2026-04-24,0.013157909,0.0480769,0.27368462,0.02555665,0.53157854,0.009362343,0.19473681,-0.0030363982,-0.06315711,0.987013,1.0252247,0.97777224,1.0030583,0.99577826,0.97278076,0.96778136,1.0871755,1.2387882,1.0037551,0.9993593,0.980017,0.9945068,1.0850523,0.006772197,0.012918994,0.024777018,0.039008964,0.09945561,-0.0033551834,0.0013554074,0.002905332,-0.0015710855,-0.0051306817,0.61363965,0.100900605,0.48123977,0.12571079,0.81169236,0.0029552237,-0.005458662,-0.007617676,0.028273968,0.06630286,1.0252247,1.0252247,1.0252247,1.0989007,1.2657567,0.97777224,0.9490602,0.92707795,0.92707795,0.92707795,1.0086954,1.0086954,1.0007036,1.0163463,1.1789949,0.99900013,0.9956227,0.95736027,0.9659371,0.9780469,0.4,0.6,0.8,0.6333333,0.31666666,0.46842146,0.6688124,0.7429896,0.42440268,0.21531327,1.0,1.0,1.0,0.033333335,0.033333335,1.0,0.1,0.35,0.56666666,0.78333336,0.0,0.9,0.65,-0.53333336,-0.75,-0.13912651,0.1842462,0.5632746,0.107731655,0.3205906,0.47967988,0.7566539,0.54724854,0.060621615,-0.029214086,0.6,0.5,0.5,0.43333334,0.45,0.4,0.5,0.5,0.56666666,0.55,0.2,0.0,0.0,-0.13333334,-0.1,0.5442546,0.61099374,0.5537967,0.4221252,0.38946033,0.45574537,0.38900626,0.4462033,0.5778748,0.6105397,0.08850926,0.2219875,0.107593425,-0.1557496,-0.22107933,0.7829521,0.89503247,0.7569354,0.77454364,0.8422634,0.15842721,0.29207048,0.27160397,0.26537105,0.28409177,0.6262213,1.5988132,1.3221697,1.2611157,1.2200235,0.7074044,0.5350672,0.53331363,0.49769685,0.50117683,0.29259565,0.46493283,0.46668634,0.5023031,0.49882314,0.41480872,0.07013434,0.0666273,-0.0046063033,0.0023537036
SZ002714,0.03141339655313852,0.875,,2026-04-24,-0.0078197215,0.014259443,-0.548389,0.00045997463,0.032257546,0.0059797466,0.41935346,-0.0022999498,-0.16129309,1.0078814,1.008345,0.99397314,0.9988645,1.0553942,0.9969881,1.0199279,1.1726965,1.0725552,1.0299,1.0433906,1.0241154,1.0497108,1.0642762,0.024655772,0.025512949,0.030909106,0.05733415,0.049264,-0.014717671,-0.0049225492,0.0022954273,-0.003434388,-0.0008394356,0.8908014,0.3412481,0.19302887,0.2780825,0.08855544,-0.000464634,-0.021239206,-0.045921974,8.792274e-05,-0.03951286,1.0767239,1.0818207,1.0818207,1.1933266,1.1933266,0.99397314,0.98863965,0.9557188,0.9557188,0.9557188,1.0512685,1.0624477,1.0544695,1.0874304,1.0882243,1.0064908,1.0207217,0.99939764,1.0061593,1.0230845,0.2,0.1,0.25,0.16666667,0.083333336,0.07283166,0.121916555,0.35115364,0.18636246,0.18636246,0.6,0.4,0.7,0.1,0.55,1.0,0.1,0.15,0.43333334,0.71666664,-0.4,0.3,0.55,-0.33333334,-0.16666667,-0.124001466,0.079529315,-0.05514803,-0.12067895,0.12955914,-0.25583383,0.100385234,0.014003387,-0.184446,0.13748102,0.2,0.5,0.5,0.43333334,0.5,0.8,0.5,0.5,0.56666666,0.5,-0.6,0.0,0.0,-0.13333334,0.0,0.059096124,0.5092155,0.47500953,0.36758143,0.46756363,0.9409039,0.49078453,0.5249905,0.6324186,0.5324364,-0.88180774,0.01843092,-0.049980965,-0.26483712,-0.06487277,1.3061714,1.4588307,1.4407923,1.5213993,1.5827744,0.36813614,0.416779,0.41830233,0.57621026,0.58054286,0.98615235,0.9610087,0.8165698,1.3253249,1.3158194,0.42340893,0.4434809,0.49857992,0.46730185,0.49151352,0.5765911,0.5565191,0.5014201,0.53269815,0.5084865,-0.15318216,-0.11303818,-0.0028401478,-0.06539631,-0.016972966
SH600377,0.0313150260820762,1.0,,2026-04-24,-0.007352941,0.010620951,-0.6923054,0.0,0.0,0.0032680093,0.3076946,-0.004084932,-0.38461077,1.0074074,1.0074074,0.9967078,1.0003893,0.9669459,0.94906044,1.0156214,1.0230925,0.9597011,0.9933892,0.97634137,0.97306997,0.98571426,0.9900045,0.013804146,0.021273185,0.01983216,0.025887895,0.020601723,0.007244735,0.0067603835,0.0006160417,-0.0016168191,-0.00034801362,0.6885983,0.92574006,0.033771336,0.30229506,0.08703326,-0.007878635,-0.006763119,0.021077665,0.037729606,0.020261897,1.0074074,1.0074074,1.0148556,1.0337521,1.0337521,0.9612886,0.9439573,0.9439573,0.9439573,0.9439573,1.0020828,1.000317,0.9926647,1.014897,1.0045732,0.9868236,0.95915776,0.95032823,0.9602898,0.97034186,0.6,0.8,0.9,0.7,0.7,0.8393843,0.88325614,0.79046607,0.6241194,0.6241194,1.0,1.0,0.05,0.1,0.55,0.2,0.1,0.55,0.7,0.85,0.8,0.9,-0.5,-0.6,-0.3,0.3418774,0.57557154,0.3005737,0.24984214,0.23612839,0.7218483,0.79608226,0.31357726,0.15896091,0.17414923,0.8,0.7,0.5,0.53333336,0.6,0.2,0.3,0.45,0.43333334,0.36666667,0.6,0.4,0.05,0.1,0.23333333,0.9010993,0.86644983,0.4578755,0.4599687,0.5367769,0.09890065,0.13355015,0.5421245,0.5400313,0.4632231,0.8021987,0.73289967,-0.08424904,-0.08006262,0.0735538,1.3604605,1.1460178,1.410119,1.4818305,1.5497632,0.611398,0.50746,0.5557905,0.55306584,0.5902336,1.3459067,1.377642,1.0063305,1.0847813,1.020466,0.55693376,0.4271646,0.4194909,0.45303127,0.49428767,0.4430662,0.5728354,0.58050907,0.5469687,0.50571233,0.11386758,-0.14567079,-0.16101816,-0.09393745,-0.011424671
SH601808,0.029083709008114193,0.625,,2026-04-24,-0.017716547,0.029527558,-0.60000044,0.007217822,0.24444358,0.0045931884,0.155556,-0.020341182,-0.688888,1.0180361,1.0253841,0.99532396,1.0078254,1.0185286,1.0583106,1.1155313,1.2043597,1.0070845,1.0088283,1.0227792,1.0434605,1.0749682,1.1061944,0.009559331,0.021675097,0.029599844,0.05588269,0.088015474,-0.0027247916,-0.00609033,-0.0043166494,-0.0059089563,-0.0012449416,0.2031195,0.72372067,0.74435955,0.8665002,0.061021052,-0.003378752,0.0046272017,-0.0024523104,0.010711671,-0.06946858,1.0253841,1.0837778,1.1339567,1.2349398,1.4590544,0.989261,0.989261,0.989261,0.989261,0.989261,1.0166757,1.0293188,1.0711716,1.1169481,1.1653405,0.99945503,1.0100272,1.0176567,1.0215803,1.0388011,0.4,0.2,0.1,0.06666667,0.033333335,0.2972894,0.11362022,0.07421797,0.043711603,0.022859022,1.0,0.1,0.1,0.06666667,0.4,0.8,0.9,0.95,0.96666664,0.98333335,0.2,-0.8,-0.85,-0.9,-0.5833333,0.20246008,0.31952092,0.43714634,0.648894,0.85374683,0.7099742,0.45804274,0.14034508,0.25910968,0.62627584,0.2,0.3,0.35,0.4,0.46666667,0.8,0.7,0.65,0.6,0.53333336,-0.6,-0.4,-0.3,-0.2,-0.06666667,0.34545472,0.2703864,0.3273616,0.3069001,0.49784413,0.6545453,0.7296136,0.67263836,0.69309986,0.5021559,-0.30909055,-0.4592272,-0.34527674,-0.38619974,-0.0043117665,1.023572,1.0114708,1.1481109,1.270735,1.8270187,0.4099293,0.3300487,0.33381635,0.34224114,1.3851091,0.9682892,0.8550604,0.8689899,0.81588256,1.8112811,0.572292,0.50143725,0.47162768,0.4325495,0.50374275,0.427708,0.49856275,0.52837235,0.5674505,0.49625725,0.14458399,0.0028744834,-0.056744643,-0.13490102,0.007485517
SH600362,0.028197638522946544,1.0,,2026-04-24,0.011974732,0.03004973,0.39849716,0.005874358,0.19548787,0.01220064,0.40601495,0.018301014,0.6090242,0.988167,1.0058049,0.9761107,0.9883933,1.0437598,1.0024446,0.98704314,1.1509595,1.388461,1.0193374,1.0292506,1.0051032,1.0143218,1.1484272,0.019848399,0.019392045,0.032541458,0.045053735,0.15303199,-0.011844514,-0.0035462803,0.003614005,-0.0008188757,-0.00778613,0.89027363,0.30655637,0.43168953,0.025602125,0.7895483,0.0043515554,-0.01329242,-0.039436307,-0.0024480806,0.081263624,1.0605593,1.0904325,1.0904325,1.1795322,1.5784144,0.9761107,0.9761107,0.9443561,0.94222397,0.94222397,1.0338833,1.0442977,1.0360347,1.0442977,1.2773988,0.99941325,1.0133969,0.97518635,0.97726434,0.99977994,0.4,0.2,0.45,0.43333334,0.21666667,0.28288576,0.20896542,0.38092345,0.24346405,0.09081559,0.2,0.3,0.65,0.033333335,0.1,1.0,1.0,0.3,0.23333333,0.6166667,-0.8,-0.7,0.35,-0.2,-0.51666665,-0.20591025,0.2867356,0.7462893,0.43345106,0.6934518,-0.6159526,0.06960785,0.6923184,0.28089848,0.43458545,0.2,0.5,0.4,0.33333334,0.4,0.8,0.5,0.6,0.6666667,0.6,-0.6,0.0,-0.2,-0.33333334,-0.2,0.059113737,0.4890833,0.5210484,0.3684771,0.39311182,0.94088626,0.5109167,0.47895157,0.6315229,0.6068882,-0.8817725,-0.02183339,0.042096853,-0.26304576,-0.21377636,1.1471767,1.3134986,1.1099894,1.1528587,1.5650595,0.22532678,0.39808756,0.40934807,0.37748557,0.9110867,1.3310598,0.8260214,1.2738959,1.1004555,1.6808045,0.51046526,0.5112655,0.5129395,0.49498126,0.48481986,0.48953474,0.48873448,0.4870605,0.5050187,0.5151801,0.020930514,0.022531046,0.025879038,-0.0100374585,-0.030360257
SZ000001,0.027459220415210112,1.0,,2026-04-24,0.0018214952,0.010018224,0.18181819,0.002732243,0.27272728,0.005464486,0.54545456,0.004553738,0.45454547,0.9981818,1.0027273,0.9927273,0.9981279,1.000912,1.0081872,0.9945486,0.9945486,1.0063633,1.0021832,1.006093,1.0079112,1.0013353,0.99685043,0.0039429804,0.006885353,0.0074976473,0.013914742,0.0124881845,-0.0018191278,-0.0016255555,-0.00036636365,0.0007256826,0.00025259735,0.5321294,0.5109313,0.08356853,0.21078746,0.12478397,0.0014550445,0.0012219535,-0.00443072,-0.011857622,-0.004302045,1.014548,1.0209144,1.0290934,1.0290934,1.0290934,0.9927273,0.9927273,0.98454434,0.94818074,0.94818074,1.0058215,1.0096408,1.0140018,1.0094558,1.0065457,0.9996366,1.0,1.0007296,0.9943662,0.9872734,0.5,0.25,0.175,0.41666666,0.60833335,0.3332963,0.25801545,0.3469358,0.6404348,0.6404348,0.4,0.4,0.25,0.5,0.75,1.0,1.0,0.05,0.23333333,0.6166667,-0.6,-0.6,0.2,0.26666668,0.13333334,0.08792268,-0.52754575,0.1572537,-0.4134469,-0.3370902,-0.2350193,-0.21428952,0.48017418,0.010995934,-0.045577254,0.6,0.5,0.5,0.43333334,0.45,0.2,0.4,0.45,0.5,0.48333332,0.4,0.1,0.05,-0.06666667,-0.033333335,0.47360295,0.41815257,0.5199882,0.5111044,0.49206406,0.52639705,0.5818474,0.48001182,0.48889557,0.50793594,-0.052794125,-0.16369486,0.03997634,0.022208843,-0.015871905,1.2036192,1.0839754,1.2293897,1.3720888,1.4308136,0.19588049,0.23768158,0.352086,0.48806414,0.5050124,1.1294796,0.8369551,0.7797372,1.6583148,1.5616307,0.37468374,0.553552,0.46336183,0.48639458,0.4882614,0.62531626,0.44644806,0.53663814,0.5136054,0.5117386,-0.25063252,0.10710389,-0.07327632,-0.027210804,-0.023477204
SZ002493,0.02698071443962462,0.875,,2026-04-24,0.026271172,0.03644074,0.72092855,0.0076271775,0.20930357,0.0025423926,0.06976786,0.021186387,0.5813928,0.97440135,1.007432,0.971924,0.99543643,0.9628514,1.0438068,0.9777003,1.1395582,1.0718665,0.9965547,0.9963856,1.0060928,1.0056348,1.1027197,0.016157662,0.016536772,0.023742639,0.04354641,0.1107469,-0.0009142016,-0.0011311638,-0.00079248514,-0.0008356234,-0.0046249605,0.00800326,0.042890485,0.038993515,0.028537653,0.5319279,0.005273736,0.008704666,0.0014357897,0.0064816964,0.033716664,1.0363377,1.044611,1.0801399,1.1626952,1.3526175,0.9562811,0.9562453,0.9562453,0.9042316,0.9042316,1.00446,1.0067745,1.0231241,1.0439653,1.2183577,0.9838618,0.9838618,0.9896428,0.97754174,0.9949165,0.8,0.5,0.45,0.5,0.25,0.5460992,0.49515516,0.353161,0.37052947,0.21358469,0.4,0.1,0.4,0.033333335,0.38333333,0.2,0.5,0.75,0.23333333,0.6166667,0.2,-0.4,-0.35,-0.2,-0.23333333,0.8958631,0.016101878,0.16217269,-0.0599669,0.253349,0.580882,-0.20581907,0.10672627,-0.21077135,-0.18139812,0.6,0.4,0.4,0.33333334,0.48333332,0.4,0.6,0.6,0.6666667,0.51666665,0.2,-0.2,-0.2,-0.33333334,-0.033333335,0.65741134,0.39508983,0.5278511,0.39603183,0.47863516,0.34258863,0.6049102,0.47214893,0.60396814,0.52136487,0.31482273,-0.20982035,0.055702154,-0.20793633,-0.042729706,1.1371093,1.1764292,1.1302892,1.3751879,1.5334178,0.26656142,0.25507325,0.2836687,0.55137545,0.5403239,0.66095364,0.8396018,0.8617321,1.5607662,1.2638078,0.34269932,0.52313644,0.4772656,0.46873558,0.47493708,0.6573007,0.47686356,0.5227344,0.5312644,0.5250629,-0.31460136,0.046272893,-0.045468815,-0.06252883,-0.050125834
SH601006,0.02578422143522459,0.75,,2026-04-24,0.003787875,0.0094697345,0.399998,0.003787875,0.399998,0.0018939846,0.20000398,0.0018939846,0.20000398,0.99622643,1.0037736,0.9943396,1.0003759,0.9907209,0.9814418,1.0185581,1.0206995,0.939329,0.9942898,0.9920771,0.9927195,0.99533665,0.97947896,0.004761482,0.0053883693,0.010776791,0.010594864,0.022282273,0.0026409712,0.0012674938,-0.00044114527,-0.00047256888,0.0009677724,0.76910037,0.50721073,0.058647897,0.15418465,0.5753436,0.00042826307,0.0022191915,0.011471399,0.0115155885,-0.008028222,1.0037736,1.0037736,1.0227423,1.0229504,1.024473,0.98480636,0.9753233,0.9738443,0.9738443,0.9358102,0.99828696,0.9978587,1.0028551,1.0057102,1.0,0.99029267,0.98829406,0.9825839,0.9867238,0.95645964,1.0,1.0,0.75,0.68333334,0.80833334,0.80104697,0.867362,0.5349035,0.532636,0.7239774,1.0,1.0,0.15,0.033333335,0.5,0.2,0.1,0.35,0.56666666,0.15,0.8,0.9,-0.2,-0.53333336,0.35,0.6278725,0.6806398,0.46918842,0.57309955,0.07285029,0.32856548,0.80630916,0.23789616,0.2767153,0.44239956,0.6,0.6,0.5,0.46666667,0.53333336,0.4,0.4,0.45,0.5,0.41666666,0.2,0.2,0.05,-0.033333335,0.11666667,0.7241381,0.68055546,0.4322917,0.45245904,0.5744308,0.27586192,0.31944454,0.5677083,0.54754096,0.4255692,0.44827616,0.3611109,-0.13541666,-0.09508191,0.14886162,0.9844152,1.039392,1.3085248,1.668544,1.9193882,0.19370025,0.34686798,0.5573158,0.8328185,0.9216106,0.68107355,0.9285137,1.2837538,1.3246759,1.2384365,0.6072277,0.4895911,0.35613766,0.4424372,0.48607752,0.39277232,0.5104089,0.6438623,0.5575628,0.51392245,0.21445537,-0.020817796,-0.28772464,-0.11512561,-0.027844947
SZ000725,0.025188364355605647,0.75,,2026-04-24,-0.009592316,0.019184692,-0.49999845,0.004796158,0.24999923,0.004796218,0.25000235,-0.0095922565,-0.49999532,1.0096853,1.0145278,0.9951573,1.0027046,0.97367245,0.978581,0.9540384,1.0705043,1.0803213,1.017046,0.99531454,0.97813475,0.9825673,1.020876,0.012339646,0.024416761,0.025718005,0.02971062,0.046408072,-0.0036590802,0.006114696,0.0036302262,8.517653e-05,-0.0019783243,0.2198257,0.57489043,0.6973662,0.00063696876,0.5542527,-0.009727783,-0.0228307,-0.012621892,0.01619766,0.0374845,1.050923,1.050923,1.050923,1.0775722,1.1141055,0.98082066,0.9637956,0.94193125,0.9322388,0.9322388,1.0242748,1.0161535,1.0029451,1.0147256,1.0633646,1.0117805,0.97367245,0.9561803,0.9561803,0.97099507,0.2,0.6,0.8,0.73333335,0.36666667,0.273591,0.41553435,0.53278136,0.46624634,0.37258705,0.4,0.7,0.85,0.033333335,0.06666667,0.2,0.4,0.1,0.23333333,0.6166667,0.2,0.3,0.75,-0.2,-0.55,0.39908555,0.7692821,0.8094864,0.5407579,0.66815096,0.7803033,0.73327655,0.738768,0.20645821,0.30753773,0.6,0.4,0.4,0.33333334,0.4,0.4,0.6,0.6,0.6666667,0.5833333,0.2,-0.2,-0.2,-0.33333334,-0.18333334,0.63981086,0.59448826,0.6066253,0.4128035,0.45327103,0.36018917,0.40551174,0.39337468,0.5871965,0.54672897,0.2796217,0.18897656,0.21325064,-0.17439301,-0.093457915,1.8072957,1.3616047,1.1327267,1.1746094,1.3899686,0.68796676,0.6668988,0.5366552,0.49064717,0.5236368,1.0862142,1.5754855,1.5362258,1.3595761,1.0976558,0.5460925,0.4995121,0.5105464,0.47138068,0.4851745,0.4539075,0.5004879,0.4894536,0.52861935,0.51482546,0.092185035,-0.00097580365,0.021092763,-0.05723864,-0.029650962
SH600489,0.024815057523142954,1.0,,2026-04-24,-0.0035128728,0.03512883,-0.09999972,0.0070258444,0.20000225,0.02459011,0.699998,0.014051393,0.39999607,1.0035253,1.0105759,0.9753232,0.9903679,1.0536755,1.0740392,0.98081344,1.2275617,1.1711788,1.0408922,1.0472426,1.0508255,1.0534813,1.1578076,0.03237786,0.022823097,0.02736531,0.056701515,0.13355288,-0.017509272,-0.003975372,-0.00015339986,-0.0014262749,-0.0057180147,0.7311052,0.27811077,0.0010998088,0.04903643,0.5590928,-0.0058736983,-0.029353503,-0.049368165,-0.032800302,0.010873833,1.0826415,1.083444,1.1272968,1.2565683,1.6247398,0.9753232,0.9753232,0.96356344,0.9263599,0.9263599,1.0658878,1.0613443,1.0677712,1.0768584,1.2476312,1.0093932,1.0402743,1.0328999,1.0094697,1.0461481,0.2,0.1,0.05,0.16666667,0.083333336,0.22994025,0.22823362,0.22253573,0.22301097,0.105444185,0.2,0.3,0.4,0.033333335,0.1,1.0,1.0,0.05,0.26666668,0.6333333,-0.8,-0.7,0.35,-0.23333333,-0.53333336,-0.9180419,-0.7441674,0.09450809,-0.25375837,0.37785405,-0.8527246,-0.60216534,0.47106257,0.0017206649,0.16692552,0.4,0.3,0.4,0.33333334,0.38333333,0.6,0.7,0.6,0.6666667,0.6166667,-0.2,-0.4,-0.2,-0.33333334,-0.23333333,0.17217812,0.2109376,0.5238478,0.35321358,0.4621757,0.82782185,0.7890624,0.4761522,0.64678645,0.53782433,-0.65564376,-0.57812476,0.047695603,-0.29357287,-0.07564862,0.8757856,0.85579467,0.9674546,1.1204934,1.4997227,0.21263228,0.18395764,0.3148149,0.43386263,0.9199326,1.4772108,1.4955995,1.5085099,1.3716422,1.4136962,0.66905916,0.55434376,0.5005573,0.49880898,0.4807982,0.3309408,0.44565624,0.4994427,0.501191,0.51920176,0.33811837,0.10868755,0.0011145773,-0.002382039,-0.038403556
SH601077,0.02384969180808414,0.75,,2026-04-24,-0.0053691054,0.020134248,-0.2666653,0.012080487,0.5999969,0.0026846556,0.13333777,-0.014764937,-0.73332447,1.005398,1.0175438,0.99730086,1.0073682,0.971243,0.9833024,0.96474946,0.9285714,0.80890536,0.9983302,0.9887755,0.97268087,0.964162,0.92142856,0.0078822505,0.012804992,0.021473287,0.021998622,0.05028175,0.003710586,0.0027267148,0.0031532906,0.0020924096,0.0027382374,0.55401886,0.4156543,0.7547429,0.7011392,0.9045265,-0.005751371,-0.0010456813,-0.0026371146,0.0054980726,-0.0022065337,1.0175438,1.0185478,1.0185478,1.0185478,1.0185478,0.96761376,0.9644982,0.92173207,0.92108023,0.80473906,1.0033395,1.0005566,0.9907235,0.98589975,0.9688311,0.99554724,0.9738404,0.9506493,0.9458256,0.8766234,0.6,0.8,0.9,0.93333334,0.96666664,0.64863265,0.65683776,0.80842197,0.8097031,0.9132507,1.0,0.2,0.6,0.73333335,0.8666667,0.2,0.5,0.4,0.3,0.016666668,0.8,-0.3,0.2,0.43333334,0.85,0.09761816,-0.5073515,-0.44338754,-0.5807901,-0.70023876,0.28585923,-0.027347533,0.5391245,0.5082903,0.4523982,0.8,0.5,0.55,0.6333333,0.65,0.2,0.4,0.4,0.33333334,0.33333334,0.6,0.1,0.15,0.3,0.31666666,0.8604663,0.63235354,0.5896228,0.6135695,0.6532739,0.13953368,0.36764643,0.4103772,0.38643053,0.3467261,0.72093266,0.26470715,0.1792456,0.22713895,0.30654782,1.01718,1.2099843,1.5177263,1.7787588,2.3280048,0.101697356,0.2956712,0.6192663,0.67886806,0.94550335,0.69346315,1.0535028,1.6405792,1.220037,1.2767013,0.5340798,0.37975308,0.41803214,0.4303647,0.4709119,0.46592018,0.6202469,0.58196783,0.5696353,0.52908814,0.068159625,-0.24049382,-0.1639357,-0.1392706,-0.05817622
SH601728,0.0233058748941515,0.625,,2026-04-24,0.010256387,0.030769264,0.3333322,0.0051281936,0.1666661,0.015384683,0.50000167,0.020512877,0.66666776,0.9898477,1.0050762,0.97461927,0.9912411,0.99302644,0.9790795,0.9693166,1.013947,0.9804741,1.0025104,0.99400276,0.9803347,0.9901441,0.9877731,0.009979669,0.0118170725,0.017146723,0.024973163,0.021989817,0.0019525869,0.0032373995,0.0027369675,-0.00081044686,0.00011974487,0.095703654,0.6879933,0.89175403,0.081621334,0.009044207,-0.006415618,-0.008571059,-0.006335897,0.021607382,0.008694417,1.0168277,1.0168277,1.0168277,1.0588444,1.0588444,0.97461927,0.9703313,0.94493145,0.94493145,0.94493145,1.0094839,1.003905,0.9944212,1.0094839,1.0061367,0.9974895,0.98493725,0.96345884,0.9682008,0.9693166,0.4,0.7,0.85,0.7,0.7,0.60131985,0.63808644,0.76594514,0.4834262,0.4834262,0.8,0.9,0.95,0.06666667,0.53333336,1.0,0.1,0.1,0.4,0.7,-0.2,0.8,0.85,-0.33333334,-0.16666667,0.64636564,0.8299767,0.45793104,0.62420547,0.38663155,0.84703153,0.74060595,0.5863293,0.44608155,0.38958815,0.4,0.6,0.6,0.5,0.48333332,0.6,0.4,0.4,0.5,0.48333332,-0.2,0.2,0.2,0.0,0.0,0.56097585,0.6415096,0.61956525,0.47395834,0.51822925,0.43902412,0.35849044,0.38043475,0.5260416,0.48177078,0.12195174,0.28301913,0.23913048,-0.052083306,0.036458444,0.9341761,0.81090796,0.77778244,0.96978974,1.1815311,0.22199593,0.2137162,0.1845323,0.46884358,0.6186371,1.0537362,1.3695233,1.2451549,1.5626556,1.6807871,0.582144,0.5139606,0.50615776,0.50004554,0.4726818,0.41785598,0.4860394,0.49384224,0.49995443,0.52731824,0.16428803,0.027921181,0.012315501,9.111187e-05,-0.054636437
SH601111,0.02288688905714367,0.25,,2026-04-24,0.0,0.013293986,0.0,0.008862686,0.66666883,0.0044313003,0.33333117,-0.0044313865,-0.33333766,1.0,1.0088627,0.9955687,1.0005534,1.0219355,1.0283872,1.0077419,1.0929033,1.331613,1.0304517,1.0274839,1.023613,1.023871,1.1284946,0.023872716,0.016835293,0.01958259,0.028927514,0.12211839,-0.013806458,-0.00050831377,0.00083822344,-0.00018515249,-0.0061035235,0.83618206,0.008356681,0.06412796,0.0031749622,0.76190174,-0.002838706,-0.025196478,-0.03157605,-0.021186281,0.051559296,1.0612082,1.0612082,1.0663664,1.1004758,1.3878953,0.9955687,0.9955687,0.98376894,0.9421078,0.9421078,1.0485162,1.0392258,1.0379355,1.0474839,1.2627097,1.0092903,1.015742,1.0095484,1.0010322,1.0167742,0.2,0.1,0.15,0.2,0.1,0.0675096,0.0675096,0.19650784,0.3655549,0.12986498,0.4,0.7,0.4,0.033333335,0.21666667,1.0,1.0,0.35,0.23333333,0.6166667,-0.6,-0.3,0.05,-0.2,-0.4,0.62863356,0.582446,0.7363309,0.24215761,0.0070489147,0.5344622,0.54672986,0.850457,0.49795756,0.2677399,0.4,0.5,0.4,0.33333334,0.3,0.6,0.5,0.6,0.6666667,0.6666667,-0.2,0.0,-0.2,-0.33333334,-0.36666667,0.3802818,0.38999993,0.4893617,0.42139733,0.3648791,0.6197182,0.6100001,0.5106383,0.5786027,0.6351209,-0.23943639,-0.22000018,-0.021276606,-0.15720531,-0.27024183,1.3812044,1.2567132,1.3115679,1.4556577,1.5451654,0.3785283,0.35708556,0.49354008,0.48279178,0.6057929,0.57394475,0.81954664,1.5171909,1.2409585,1.3914309,0.5132417,0.48544654,0.47203222,0.4818767,0.49958965,0.4867583,0.5145534,0.5279678,0.51812327,0.5004104,0.026483424,-0.029106904,-0.055935573,-0.03624657,-0.00082071417
SZ000333,0.02259912716557009,0.75,,2026-04-24,0.0012568752,0.0093012,0.13513044,0.0067873592,0.7297295,0.001256965,0.13514009,-0.0042735194,-0.45945895,0.9987447,1.0067788,0.99748933,1.0028505,0.98733586,0.95920324,0.9329624,0.97164476,0.97640777,0.99897176,0.9845137,0.9690174,0.96194005,0.97010314,0.0025403698,0.018007211,0.02400797,0.023747513,0.022931546,0.00063877524,0.00553777,0.0034357025,0.0017949806,-0.00021032504,0.1580674,0.8669387,0.7167839,0.4427769,0.025657548,-0.00024928426,-0.009433661,-0.0016565489,0.01203271,0.03610145,1.0067788,1.0067788,1.0067788,1.0067788,1.0188395,0.97979176,0.9477805,0.90095425,0.90095425,0.90095425,1.0004762,0.99919873,0.99598485,0.97980416,0.99598485,0.99749386,0.97039837,0.9578723,0.9422168,0.9555219,0.8,0.9,0.95,0.96666664,0.8833333,0.7488115,0.8851012,0.9359427,0.9359427,0.8401878,1.0,1.0,1.0,1.0,0.18333334,0.2,0.2,0.1,0.4,0.7,0.8,0.8,0.9,0.6,-0.51666665,0.75951153,0.44351205,-0.2577184,-0.18184625,-0.040158663,0.64002925,0.72897184,0.2991188,0.05841613,-0.008207971,0.4,0.6,0.55,0.46666667,0.46666667,0.6,0.4,0.45,0.53333336,0.53333336,-0.2,0.2,0.1,-0.06666667,-0.06666667,0.7588722,0.7982429,0.66644555,0.54931104,0.5221813,0.24112779,0.2017571,0.33355445,0.45068896,0.4778187,0.5177444,0.5964858,0.33289108,0.09862208,0.0443626,1.1341885,1.1233766,1.29305,1.2216687,1.3423156,0.18504258,0.21285737,0.5432364,0.49996257,0.5319492,0.988365,0.6847718,2.1229908,2.0610776,1.8078456,0.38236827,0.4653617,0.51053065,0.50480705,0.4828903,0.61763173,0.5346383,0.48946932,0.49519295,0.5171097,-0.23526344,-0.069276564,0.02106134,0.00961411,-0.03421941
SH600660,0.022553765231622065,0.75,,2026-04-24,-0.012050168,0.01958158,-0.61538273,0.0,0.0,0.007531414,0.38461724,-0.0045187534,-0.2307655,1.0121971,1.0121971,0.99237674,0.99791276,0.9959345,0.9725575,0.95968145,1.0147386,1.0287994,1.0154839,1.0039304,0.9904799,0.98379403,1.004885,0.009069786,0.015829105,0.018308764,0.022592843,0.030278802,-0.004269018,0.0036899624,0.0025295748,0.001388619,-0.0010768041,0.5538623,0.4981299,0.6681055,0.2927697,0.38574106,-0.0069458624,-0.020535238,-0.014510869,-0.003929028,0.026880719,1.035067,1.035067,1.035067,1.035067,1.0745395,0.98610955,0.96357816,0.94900995,0.9274955,0.9274955,1.0204644,1.0192784,1.0047095,1.0017618,1.0252413,1.0123329,0.99518913,0.9723879,0.9654757,0.97726655,0.2,0.45,0.725,0.75,0.44166666,0.28372493,0.5094762,0.5925148,0.6740125,0.4930801,0.4,0.7,0.85,0.9,0.06666667,0.6,0.1,0.05,0.23333333,0.6166667,-0.2,0.6,0.8,0.6666667,-0.55,0.5505894,0.68632066,0.60917664,-0.055351652,0.34307566,0.6938934,0.6408556,0.59014714,0.19487068,0.069684766,0.6,0.6,0.5,0.5,0.51666665,0.4,0.4,0.5,0.5,0.48333332,0.2,0.2,0.0,0.0,0.033333335,0.5405374,0.6569673,0.6118403,0.47608548,0.47870713,0.45946258,0.3430327,0.3881597,0.5239145,0.52129287,0.081074804,0.31393462,0.2236806,-0.047829032,-0.04258573,1.2412223,1.0319425,0.9293004,1.1047248,1.2552072,0.39180607,0.35660723,0.29227102,0.5102533,0.5475246,1.0511776,1.1177405,0.96393746,1.2091215,1.2821673,0.5543918,0.5299368,0.5113004,0.50527936,0.49814048,0.44560823,0.47006318,0.48869962,0.4947206,0.50185955,0.10878357,0.059873614,0.022600783,0.010558775,-0.0037190379
SH601888,0.022535690576400508,0.75,,2026-04-24,-0.008938081,0.01136195,-0.78666776,0.0022724112,0.20000188,0.00015145862,0.013330336,-0.011059033,-0.9733393,1.0090187,1.0113117,0.9998472,1.0037761,1.0209006,1.0553175,1.0805697,1.127184,1.4534847,1.0189095,1.031674,1.0493869,1.0703369,1.1942244,0.013489902,0.018638976,0.026260624,0.040107794,0.15459271,-0.008452563,-0.0057844953,-0.0040431586,-0.0042729033,-0.008180262,0.9815202,0.8828732,0.82965875,0.87961036,0.8539966,-0.0020043538,-0.005643828,-0.010976859,-0.008379854,0.04709336,1.0525646,1.0727247,1.1195403,1.1693555,1.5089837,0.9998472,0.9998472,0.9998472,0.9998472,0.9998472,1.0295641,1.0481968,1.0711809,1.0990044,1.3988265,1.0104965,1.017393,1.0268083,1.0371069,1.0549483,0.2,0.1,0.05,0.033333335,0.016666668,0.0028989345,0.0020970046,0.0012768034,0.00090157555,0.00030016416,0.2,0.2,0.15,0.1,0.25,1.0,1.0,1.0,1.0,1.0,-0.8,-0.8,-0.85,-0.9,-0.75,0.65181375,-0.06962587,-0.31919032,-0.060331367,0.78266126,-0.34651104,-0.44356182,0.1198548,0.096766345,0.08433854,0.2,0.3,0.35,0.36666667,0.35,0.8,0.7,0.65,0.6333333,0.65,-0.6,-0.4,-0.3,-0.26666668,-0.3,0.28435326,0.1984182,0.35298356,0.34707457,0.31205595,0.71564674,0.8015818,0.6470164,0.65292543,0.68794405,-0.43129352,-0.6031636,-0.29403284,-0.30585086,-0.37588814,1.1424778,1.2102184,1.1029825,1.1015983,1.6880553,0.24271344,0.37208283,0.33376104,0.32222775,0.8549108,0.560417,1.1923707,0.9015133,0.92281663,1.400123,0.094820574,0.4787374,0.51518387,0.4858684,0.47773242,0.90517944,0.5212626,0.48481613,0.5141316,0.5222676,-0.8103589,-0.042525202,0.03036776,-0.028263196,-0.04453517
SZ300866,0.021838894395733298,0.25,,2026-04-24,0.008039772,0.03978446,0.2020832,0.026357163,0.6624989,0.0053875283,0.1354179,-0.012929863,-0.3249978,0.99202436,1.0261469,0.9866798,1.0088319,0.964897,0.9578764,0.9119234,0.7879895,0.88674206,0.98029584,0.9676878,0.9239106,0.8999439,0.85868,0.02000714,0.02604392,0.057863023,0.06563651,0.06520314,0.0116507225,0.0060423203,0.0068784636,0.005796828,0.0024416782,0.8477655,0.49340802,0.49459383,0.60449344,0.42770043,-0.0035973054,0.0051217605,0.0107439775,0.016002113,0.06929051,1.026978,1.026978,1.026978,1.026978,1.026978,0.9456538,0.90911597,0.8029898,0.77140355,0.7499426,1.0006266,0.99382645,0.9666724,0.9621467,0.9162982,0.96242523,0.95374525,0.8595532,0.8255062,0.80236727,0.8,0.9,0.95,0.96666664,0.98333335,0.66826546,0.7711048,0.87955594,0.8944415,0.90261877,0.8,0.9,0.95,0.96666664,0.98333335,0.6,0.3,0.35,0.16666667,0.45,0.2,0.6,0.6,0.8,0.53333336,0.89090127,0.6407864,0.6555,0.61168784,0.6351386,0.9661536,0.84571207,0.8357307,0.8380037,0.6601846,0.6,0.4,0.45,0.53333336,0.43333334,0.4,0.6,0.55,0.46666667,0.56666666,0.2,-0.2,-0.1,0.06666667,-0.13333334,0.872997,0.6136508,0.59213406,0.6521233,0.5525409,0.12700301,0.38634917,0.40786597,0.34787673,0.44745907,0.745994,0.22730163,0.18426807,0.30424652,0.10508184,0.94192207,0.9950982,0.9512664,0.9966111,0.7545545,0.23735939,0.29249308,0.31921026,0.4604175,0.42859608,1.4732331,1.613041,1.5739305,1.7754103,2.0779788,0.53019804,0.39568478,0.4638431,0.53677404,0.51354754,0.469802,0.6043152,0.5361569,0.46322593,0.48645243,0.06039602,-0.20863044,-0.07231376,0.07354813,0.02709513
SZ002601,0.02165793632897599,1.0,,2026-04-24,0.005717546,0.016009152,0.35714233,0.005717546,0.35714233,0.0045740604,0.28571534,0.0045740604,0.28571534,0.99431497,1.0056851,0.9897669,0.99825877,1.0056897,1.0073774,0.9772409,1.110854,1.1756594,1.0046482,1.0054438,1.00081,1.0106337,1.1182884,0.007168874,0.0073785163,0.012851196,0.033726733,0.11767035,-0.0019287189,-0.00013646779,0.00080680393,-0.0016491426,-0.005831847,0.18095723,0.0031356937,0.13794848,0.18529752,0.7491659,-0.0007908135,-0.0048297406,-0.008474712,0.01327881,0.05375107,1.0318198,1.0318198,1.0318198,1.1426901,1.3524486,0.9789427,0.9789427,0.9630516,0.9516709,0.9516709,1.0085057,1.0112445,1.0079464,1.0185062,1.2502242,0.9993153,0.9993153,0.9946285,0.9906553,1.0013502,0.4,0.3,0.375,0.38333333,0.19166666,0.39823037,0.39823037,0.5372885,0.2530066,0.12058831,0.6,0.8,0.9,0.033333335,0.33333334,0.4,0.7,0.25,0.26666668,0.6333333,0.2,0.1,0.65,-0.23333333,-0.3,0.4639659,0.4381127,0.18289725,0.39106596,0.56023926,0.3011219,0.28324723,0.33640856,-0.16411036,0.16868223,0.6,0.5,0.6,0.5,0.5,0.4,0.5,0.4,0.46666667,0.46666667,0.2,0.0,0.2,0.033333335,0.033333335,0.41666695,0.46161556,0.54468006,0.3832402,0.43639347,0.583333,0.53838444,0.45531997,0.6167598,0.56360656,-0.16666609,-0.076768875,0.089360066,-0.23351958,-0.12721308,1.2175663,1.153277,1.1311424,1.3320411,1.693078,0.1721578,0.17086956,0.26734495,0.4758256,0.7119082,1.1096056,0.68407196,0.9257106,1.2534177,1.2909213,0.46116582,0.5400666,0.49569532,0.43177235,0.49202096,0.5388342,0.45993337,0.5043047,0.56822765,0.50797904,-0.077668376,0.080133244,-0.008609378,-0.1364553,-0.015958084
SH603195,0.02034388058959911,0.75,,2026-04-24,-0.005530129,0.009617697,-0.57499516,0.0,0.0,0.0040875683,0.42500484,-0.0014425613,-0.14999029,1.0055609,1.0055609,0.9958897,0.99941003,0.99221516,0.9990092,0.99681526,1.0534323,1.0121019,1.0020523,0.9984288,1.0015038,1.0089997,1.0245105,0.0021243095,0.0049426043,0.0074923737,0.017909057,0.02353417,-0.00045292807,0.0010448426,-0.00032251485,-0.001351962,-0.00082977355,0.11364827,0.40963924,0.06485278,0.44165716,0.3791589,-0.0011464836,-0.0031306422,0.0015600269,0.010603714,-3.2149917e-05,1.0091405,1.0091405,1.0234656,1.0662056,1.0737187,0.99174494,0.9864535,0.9864535,0.98231024,0.98231024,1.0039207,1.0026892,1.0058174,1.0199292,1.0470346,0.9999434,0.9949327,0.99583864,0.9962916,0.9995753,0.4,0.6,0.55,0.43333334,0.23333333,0.4745485,0.5971036,0.3660018,0.21085495,0.1935243,0.8,0.9,0.25,0.033333335,0.18333334,0.2,0.1,0.55,0.26666668,0.6333333,0.6,0.8,-0.3,-0.23333333,-0.45,-0.008689248,0.18930613,0.6089848,0.51490337,0.50424206,0.5511795,0.43934014,0.6938781,0.17908075,0.37908906,0.6,0.4,0.4,0.36666667,0.43333334,0.4,0.6,0.6,0.6333333,0.55,0.2,-0.2,-0.2,-0.26666668,-0.11666667,0.6580467,0.5092348,0.5115682,0.39136687,0.48997307,0.3419533,0.4907652,0.4884318,0.60863316,0.51002693,0.3160934,0.0184696,0.023136375,-0.21726628,-0.020053888,1.2314726,1.177391,1.2337378,1.4375972,2.0373938,0.2683129,0.23156935,0.35966834,0.51547354,1.1688049,1.0059175,0.8880307,1.198056,1.4948161,2.178109,0.50186384,0.3773265,0.49547982,0.4932312,0.48323515,0.49813616,0.6226735,0.5045202,0.5067688,0.5167649,0.0037276999,-0.24534705,-0.009040349,-0.013537602,-0.033529717
SH600050,0.019335689505208666,0.75,,2026-04-24,0.0,0.0066814646,0.0,0.002227155,0.33333334,0.00445431,0.6666667,0.002227155,0.33333334,1.0,1.0022272,0.9955457,0.99948823,1.0326087,1.0157005,1.0,1.1195652,1.1316426,1.012802,1.0173913,1.0084541,1.0267713,1.0639492,0.016328918,0.0127203865,0.014629826,0.04223194,0.05077258,-0.007850246,-0.0018738108,0.0013911591,-0.0026553923,-0.0023063638,0.5778188,0.19891259,0.3164779,0.30639172,0.62935686,0.0028985408,-0.008959171,-0.021670135,0.011731839,0.0040884446,1.0374396,1.0459614,1.0459614,1.1403635,1.1594883,0.9955457,0.9955457,0.9749464,0.9749464,0.9749464,1.0248792,1.0258454,1.0198067,1.0388888,1.1086956,1.0019324,1.0024155,0.994686,0.9971015,1.005314,0.2,0.1,0.375,0.3,0.15,0.10632359,0.088351674,0.3527935,0.1514574,0.13576117,0.4,0.5,0.75,0.033333335,0.083333336,1.0,1.0,0.1,0.4,0.7,-0.6,-0.5,0.65,-0.36666667,-0.6166667,-0.22507,-0.06394686,0.15181465,0.36067072,0.49462745,-0.6654422,-0.37193495,0.018045574,-0.1838749,-0.16893637,0.2,0.4,0.45,0.4,0.43333334,0.6,0.4,0.4,0.46666667,0.45,-0.4,0.0,0.05,-0.06666667,-0.016666668,0.24528246,0.4057968,0.5,0.32384318,0.38945222,0.7547175,0.5942032,0.5,0.6761568,0.6105478,-0.50943506,-0.18840641,0.0,-0.3523136,-0.22109559,1.6325638,1.4093498,1.2863446,1.5692186,1.8115354,0.8027766,0.68097603,0.52008474,0.8668795,0.9405025,1.5284115,1.8493749,1.6841493,2.0752046,2.1543012,0.38239083,0.48684958,0.4918677,0.49134108,0.47638294,0.61760914,0.51315045,0.50813234,0.5086589,0.523617,-0.23521833,-0.02630087,-0.016264632,-0.01731783,-0.047234107
SZ002422,0.019301539589228915,0.75,,2026-04-24,0.023529379,0.040723998,0.57777673,0.0066365143,0.16296323,0.010558107,0.25926006,0.027450971,0.6740736,0.9770115,1.0064839,0.96669614,0.99308217,1.0383189,1.0020791,0.9463944,0.96820354,0.95051163,0.993176,1.0147487,1.022545,1.0065496,0.96609193,0.009562854,0.027170759,0.02632899,0.03293956,0.051578306,-0.0011781042,-0.0056976806,-0.0023001449,0.0014375664,0.0022433547,0.037943065,0.40309194,0.2671222,0.14761208,0.57698107,0.009180213,0.010890856,-0.0006935964,-0.02739428,-0.03227087,1.0368537,1.0654392,1.0875484,1.0875484,1.0875484,0.96669614,0.96669614,0.93133813,0.93133813,0.8582488,1.0001794,1.0410908,1.0502875,1.0310138,1.0122865,0.9865069,0.9960703,1.0007175,0.9783947,0.91848683,0.8,0.4,0.2,0.43333334,0.71666664,0.47470078,0.33727783,0.43954778,0.43954778,0.6181921,0.2,0.4,0.25,0.5,0.75,1.0,1.0,0.05,0.36666667,0.4,-0.8,-0.6,0.2,0.13333334,0.35,0.5743417,0.72956944,0.6736696,0.7755534,0.73050326,0.21577694,0.3924282,0.6865711,0.6021626,0.543683,0.4,0.5,0.45,0.53333336,0.48333332,0.6,0.5,0.55,0.46666667,0.51666665,-0.2,0.0,-0.1,0.06666667,-0.033333335,0.30878758,0.4947883,0.5631786,0.52764386,0.52400535,0.6912124,0.5052117,0.43682143,0.4723561,0.47599462,-0.38242483,-0.010423419,0.12635715,0.05528776,0.048010748,1.0869741,1.2794253,1.4407641,1.2697642,1.0354927,0.3206175,0.41108084,0.40595144,0.436631,0.44743705,0.8601947,0.93170375,1.2564852,1.3238399,1.4563838,0.25442,0.41633263,0.50744444,0.51912034,0.5062091,0.74558,0.58366734,0.49255553,0.48087966,0.4937909,-0.49115998,-0.16733472,0.01488893,0.038240667,0.012418193
SH601456,0.019044783765555892,0.75,,2026-04-24,-0.006423981,0.013918563,-0.46154055,0.0,0.0,0.007494582,0.5384595,0.0010706008,0.076918915,1.0064656,1.0064656,0.992457,0.99927175,1.0051922,0.9989616,0.9761163,1.0207685,1.053998,1.0047767,1.0048805,0.99387336,0.9959848,1.0219281,0.0045024958,0.0033218688,0.013387173,0.01612809,0.030766021,-0.0010384159,-0.00014475053,0.0017629726,3.2342294e-05,-0.0014807676,0.13297686,0.017405514,0.60698974,0.00031165738,0.7065306,-0.0026999207,-0.0042292257,-0.010621587,0.0035462352,0.021754613,1.0137719,1.0137719,1.0172813,1.0337032,1.0856265,0.992457,0.9880309,0.96661377,0.96661377,0.96661377,1.008515,1.0083073,1.0053998,1.008515,1.0552441,1.0,1.0024922,0.98172385,0.9792316,0.9962617,0.3,0.15,0.575,0.53333336,0.26666668,0.35388535,0.4649826,0.6589279,0.49763766,0.28052658,0.8,0.9,0.5,0.1,0.05,1.0,0.1,0.35,0.56666666,0.78333336,-0.2,0.8,0.15,-0.46666667,-0.73333335,0.19481194,0.12093954,0.412277,0.21917738,0.6355442,-0.029127356,-0.15981945,0.7162089,0.35060167,0.35045767,0.4,0.5,0.5,0.43333334,0.46666667,0.6,0.4,0.4,0.46666667,0.45,-0.2,0.1,0.1,-0.033333335,0.016666668,0.41379222,0.5111104,0.58273387,0.45762703,0.43925226,0.58620775,0.48888958,0.41726616,0.54237294,0.56074774,-0.17241552,0.022220854,0.1654677,-0.08474593,-0.12149546,1.2449317,1.2873094,1.3544387,1.4052701,1.7947199,0.28824496,0.25238818,0.5409499,0.5051655,0.74947804,0.6687432,0.71520054,1.3209932,1.3159711,1.1667072,0.46912166,0.22586127,0.4913675,0.47719756,0.47213796,0.5308783,0.77413875,0.5086325,0.5228024,0.5278621,-0.061756644,-0.5482775,-0.017265,-0.04560487,-0.055724096
SH600061,0.01869001759895454,0.75,,2026-04-24,-0.009077183,0.012102883,-0.7500017,0.0015128914,0.12500255,0.001512809,0.124995746,-0.009077266,-0.7500085,1.0091603,1.0106871,0.99847335,1.0028449,1.0518919,1.0565251,1.0412356,1.1190734,1.1587645,1.0219923,1.0421313,1.0457144,1.0587645,1.103251,0.01742324,0.02455419,0.02021525,0.031483676,0.053847782,-0.011011598,-0.0078081223,-0.001671901,-0.002607273,-0.002878719,0.99857986,0.9269439,0.2394037,0.53150064,0.87169147,3.0879208e-05,-0.0069947643,-0.029831262,-0.020959057,-0.018328788,1.0550119,1.0733062,1.0778999,1.1343404,1.2197694,0.99847335,0.99847335,0.99847335,0.99847335,0.99847335,1.0345638,1.0640928,1.0628572,1.0751506,1.160309,1.0085251,1.020417,1.0271815,1.0332355,1.0503474,0.2,0.1,0.05,0.033333335,0.016666668,0.027002227,0.020401021,0.019221107,0.011236471,0.0068987543,0.2,0.2,0.5,0.1,0.083333336,1.0,1.0,1.0,1.0,1.0,-0.8,-0.8,-0.5,-0.9,-0.9166667,-0.14611788,-0.724907,-0.43262595,-0.28855887,0.40427586,0.71154505,-0.30027696,0.11907369,-0.09015863,0.03961875,0.0,0.2,0.4,0.36666667,0.41666666,1.0,0.8,0.55,0.56666666,0.51666665,-1.0,-0.6,-0.15,-0.2,-0.1,0.0,0.15076257,0.4129159,0.33490366,0.38349953,1.0,0.84923744,0.5870841,0.66509634,0.6165005,-1.0,-0.6984748,-0.17416826,-0.3301927,-0.23300095,1.1179256,0.91611797,0.860335,0.858138,1.0734196,0.27184442,0.293189,0.30377555,0.29079753,0.5655455,0.2514758,0.6080847,0.99655706,1.3694973,1.185405,0.56342876,0.40774545,0.52424663,0.5083862,0.50149137,0.43657127,0.5922546,0.47575337,0.4916138,0.49850863,0.12685747,-0.18450913,0.048493292,0.01677241,0.0029827182
SZ000876,0.018662672093245465,0.625,,2026-04-24,-0.0023256287,0.011627946,-0.20000339,0.0046511586,0.3999983,0.0046511586,0.3999983,-0.0023256287,-0.20000339,1.002331,1.006993,0.995338,0.9991865,1.0256149,0.9766906,0.94870645,1.0419441,1.0291368,1.0142034,1.0210745,0.99456006,0.9934875,1.0068498,0.01022209,0.015882453,0.030011829,0.0313892,0.027564788,-0.006282011,-0.002165997,0.0040112617,0.0009225165,-0.0005497703,0.9441869,0.17048727,0.6252376,0.06694058,0.12132577,-0.0016393734,-0.011327568,-0.032667063,-0.006863946,0.009368407,1.0372957,1.0489113,1.0489113,1.05356,1.0722467,0.99184126,0.97783047,0.9405479,0.9405228,0.9405228,1.0221056,1.0384221,1.0258453,1.0258453,1.0309811,1.0093238,1.0093238,0.9631276,0.9603612,0.9764472,0.2,0.2,0.6,0.56666666,0.29166666,0.17949325,0.31189206,0.54863656,0.52617383,0.45152944,0.6,0.4,0.7,0.06666667,0.11666667,0.8,0.1,0.05,0.26666668,0.6333333,-0.2,0.3,0.65,-0.2,-0.51666665,0.30480742,0.5843517,0.79571104,0.6965687,0.60649806,-0.11982333,0.73941404,0.7221653,0.44814757,0.3866301,0.2,0.3,0.5,0.4,0.46666667,0.6,0.5,0.4,0.5,0.46666667,-0.4,-0.2,0.1,-0.1,0.0,0.041282117,0.60872173,0.63101095,0.43432915,0.474848,0.9587179,0.3912783,0.36898908,0.56567085,0.52515197,-0.91743577,0.21744342,0.26202184,-0.13134167,-0.05030397,1.3578829,1.9103382,1.4529401,1.4631073,1.6497384,0.31520858,0.9110376,0.8032036,0.6949766,0.87539464,0.95271695,1.9621348,2.0902388,1.8003796,1.6540265,0.37630412,0.50856835,0.50757474,0.46791434,0.49333686,0.6236959,0.49143162,0.49242526,0.53208566,0.50666314,-0.24739178,0.017136732,0.015149489,-0.06417132,-0.013326283
SH600089,0.016679376293780253,0.875,,2026-04-24,-0.019636365,0.023636404,-0.83076787,0.0003636308,0.015384354,0.0036364086,0.15384778,-0.016363587,-0.69230443,1.0200297,1.0204006,0.99629074,1.0037388,1.0133517,1.0048244,1.05045,1.1439188,1.0979236,1.0205508,1.0217376,1.0061591,1.0262753,1.0606227,0.0128195565,0.01538289,0.029982377,0.040524554,0.06186136,-0.0064171236,-0.00056647597,0.0016984046,-0.0023719948,-0.0013312572,0.62643325,0.012430785,0.11230995,0.26551723,0.14124882,-0.007716637,-0.019188423,-0.02229385,0.008118677,-0.021350577,1.0485942,1.0586103,1.0586103,1.1620966,1.2344241,0.99443847,0.9803399,0.9354615,0.9354615,0.9354615,1.0282675,1.0349427,1.0309392,1.0518584,1.1108344,1.015729,1.0106814,0.989766,0.9974775,1.0181036,0.2,0.2,0.45,0.3,0.15,0.10269545,0.25118178,0.52406913,0.28476822,0.21587469,0.8,0.3,0.65,0.033333335,0.41666666,0.2,0.1,0.35,0.56666666,0.78333336,0.6,0.2,0.3,-0.53333336,-0.36666667,0.5522687,0.77879566,0.3264388,0.50838727,0.6468817,0.80093604,0.8597777,0.4257903,0.35927418,0.49003857,0.4,0.4,0.35,0.36666667,0.38333333,0.6,0.6,0.65,0.6333333,0.6166667,-0.2,-0.2,-0.3,-0.26666668,-0.23333333,0.40427738,0.4847004,0.43131098,0.3756444,0.46353704,0.5957226,0.5152996,0.568689,0.6243556,0.53646296,-0.19144522,-0.030599192,-0.137378,-0.24871123,-0.07292595,1.1248859,1.2283278,1.107364,1.2046316,1.8306743,0.3236474,0.3502576,0.3147132,0.32460234,0.91593647,0.7946206,0.7289614,0.946312,0.80278975,1.0584006,0.46788406,0.4883204,0.5009955,0.47238764,0.44789588,0.53211594,0.5116796,0.49900445,0.5276124,0.5521041,-0.06423184,-0.023359166,0.0019910808,-0.055224746,-0.10420824
SH601012,0.015881525824321282,0.625,,2026-04-24,-0.006853227,0.017133122,-0.39999872,0.0028555205,0.16666667,0.0074243746,0.43333462,-0.0022843727,-0.13333079,1.0069005,1.0097758,0.9925244,1.0001677,1.0028859,0.9844916,1.0563782,1.0891441,0.9902344,1.0087512,1.0078883,1.0042065,1.0288771,1.0450749,0.0055536297,0.0058051124,0.024167914,0.041117344,0.03890977,-0.0033348897,-0.0005049299,-0.00060068705,-0.0034771864,-0.001347173,0.9014656,0.06935095,0.021621523,0.5542523,0.36561948,-0.0020813893,-0.005616109,0.0015000268,0.021542111,-0.00533331,1.0235802,1.0362259,1.0776287,1.1271085,1.1529778,0.9925244,0.9746964,0.9424989,0.9424989,0.9424989,1.0122027,1.0122027,1.0152985,1.0754547,1.0816814,1.0064598,1.0023088,0.99368,0.9992129,1.0090952,0.2,0.2,0.4,0.26666668,0.13333334,0.2407154,0.41124335,0.4255247,0.31147406,0.2731917,0.2,0.1,0.05,0.2,0.05,1.0,0.1,0.35,0.56666666,0.78333336,-0.8,0.0,-0.3,-0.36666667,-0.73333335,0.308963,0.57181394,0.3183494,0.78716755,0.75818086,0.5281632,0.7441869,0.34477797,0.44609636,0.6078488,0.2,0.3,0.4,0.36666667,0.45,0.8,0.7,0.6,0.6333333,0.55,-0.6,-0.4,-0.2,-0.26666668,-0.1,0.44660136,0.58819634,0.41085914,0.39919567,0.5044157,0.55339867,0.41180363,0.5891409,0.6008043,0.4955843,-0.1067973,0.1763927,-0.17828174,-0.20160863,0.008831372,1.0821656,1.2027011,1.3925078,1.9260587,2.1810117,0.24496563,0.40658814,0.4364401,1.013119,1.1180545,1.0284575,1.5775856,0.9995309,0.97165734,1.6131179,0.469084,0.47559512,0.402288,0.45339414,0.49272192,0.53091604,0.5244049,0.59771204,0.5466058,0.5072781,-0.06183201,-0.048809785,-0.19542404,-0.09321171,-0.014556176
SZ002236,0.015505821762393311,0.75,,2026-04-24,-0.00054998253,0.022002121,-0.024996795,0.011001106,0.5000021,0.010451033,0.47500113,-0.0011000561,-0.049997725,1.0005503,1.0115575,0.9895432,1.0008245,1.0544864,0.95927155,0.921849,1.0049533,1.1529958,1.017716,1.0214049,0.9780924,0.9700022,1.0057842,0.013950697,0.02557975,0.048960816,0.04533293,0.05646814,-0.008144548,0.00046331593,0.0070700957,0.0028129993,-0.0018891762,0.8520837,0.003007276,0.7298293,0.29840997,0.34137976,-0.0014268999,-0.023489768,-0.045258295,-0.010790657,0.049946565,1.0616355,1.0665891,1.0665891,1.0665891,1.1645466,0.9895432,0.94551283,0.9014771,0.8998357,0.8998357,1.0277294,1.0412714,1.0277294,1.0104496,1.0467724,1.0065984,1.003081,0.92636156,0.9242689,0.95200974,0.2,0.2,0.6,0.73333335,0.425,0.14504722,0.45002326,0.59670323,0.600673,0.37839118,0.2,0.4,0.7,0.8,0.016666668,1.0,0.1,0.1,0.23333333,0.6166667,-0.8,0.3,0.6,0.56666666,-0.6,0.82682824,0.8025893,0.9035539,0.7474047,0.714107,0.2561658,0.7892483,0.7272702,0.19352454,0.05345305,0.2,0.5,0.55,0.46666667,0.45,0.8,0.5,0.45,0.53333336,0.53333336,-0.6,0.0,0.1,-0.06666667,-0.083333336,0.09751574,0.6241774,0.6530232,0.49411735,0.40333903,0.90248424,0.37582257,0.34697682,0.5058827,0.596661,-0.80496854,0.24835484,0.30604634,-0.0117653115,-0.19332196,1.3082181,1.6907951,1.2059114,1.1011069,1.2606344,0.40477598,0.68588567,0.7168015,0.62584144,0.5915722,0.6537357,0.9343111,1.221335,1.2393196,1.2147831,0.0,0.48290378,0.5363848,0.5089574,0.41779304,1.0,0.5170962,0.46361515,0.49104258,0.58220696,-1.0,-0.034192454,0.07276969,0.017914811,-0.16441393
SH601100,0.015261103455598722,0.5,,2026-04-24,-0.040994175,0.067729495,-0.60526323,0.0,0.0,0.026735319,0.39473674,-0.014258854,-0.21052651,1.0427465,1.0427465,0.97212183,0.9951651,1.0881784,1.0467778,0.9907196,1.1502212,1.2506,1.036393,1.0563272,1.0439302,1.0391165,1.108827,0.024008248,0.031912476,0.032540176,0.041620556,0.08549428,-0.013547663,-0.0060742744,0.001892775,0.00058993744,-0.0036298798,0.7960637,0.33210793,0.1184203,0.015570331,0.54980695,-0.009297773,-0.02899295,-0.061911542,-0.047670603,-0.0017455642,1.0913874,1.137843,1.137843,1.1502333,1.3007675,0.97212183,0.97212183,0.9674755,0.9199791,0.9199791,1.0483102,1.0837145,1.0680101,1.0729597,1.185955,1.027847,1.034433,1.0114025,0.9982422,1.0348088,0.2,0.1,0.175,0.25,0.125,0.23374854,0.16822329,0.19090794,0.34753296,0.21014537,0.2,0.4,0.7,0.033333335,0.033333335,1.0,1.0,0.1,0.26666668,0.6333333,-0.8,-0.6,0.6,-0.23333333,-0.6,-0.7899661,-0.49564624,0.10063624,-0.47492266,-0.22888185,-0.96330017,-0.0697088,0.20973644,-0.15982209,-0.08032291,0.2,0.3,0.45,0.4,0.38333333,0.8,0.7,0.55,0.6,0.6,-0.6,-0.4,-0.1,-0.2,-0.21666667,0.06872196,0.39566684,0.51107883,0.38647088,0.40998957,0.93127805,0.60433316,0.48892114,0.6135291,0.5900104,-0.8625561,-0.20866632,0.022157706,-0.22705822,-0.18002085,0.6581674,0.5339817,0.48914117,0.5246239,0.49624833,0.27700338,0.23487924,0.20067887,0.29345757,0.24180555,0.9240792,0.8869366,1.1247301,1.6637397,1.4929429,0.7088743,0.62071157,0.5771653,0.5532371,0.5029399,0.29112568,0.37928843,0.4228347,0.44676292,0.49706012,0.41774863,0.24142312,0.15433063,0.10647418,0.00587978
SH601127,0.0150511936259001,0.75,,2026-04-24,-0.017625375,0.032439463,-0.5433313,0.002162669,0.06666785,0.012651417,0.39000085,-0.0071366276,-0.21999833,1.0179416,1.020143,0.9871216,0.99623716,0.98481995,0.9914154,1.0346525,1.0993509,1.3018216,0.99903685,0.9923053,0.9931271,1.0272996,1.103036,0.011247094,0.011596758,0.023619615,0.05570588,0.09407257,0.0045016753,0.0024180256,-0.00073353836,-0.005120918,-0.005068857,0.40050477,0.39852914,0.03375733,0.6549307,0.885511,-0.008040199,-0.003186388,0.013841529,0.046953633,0.046495292,1.0559852,1.0559852,1.0562012,1.1590596,1.31309,0.9753054,0.97149193,0.94163024,0.94163024,0.94163024,1.0035805,0.9966499,1.0020101,1.0937395,1.1995184,0.9911432,0.988505,0.9794179,0.988505,0.9917504,0.8,0.9,0.8,0.53333336,0.26666668,0.30608135,0.33740023,0.5094638,0.2684537,0.15713611,0.8,0.9,0.1,0.1,0.033333335,0.4,0.3,0.35,0.56666666,0.78333336,0.4,0.6,-0.25,-0.46666667,-0.75,0.88476914,0.7886709,0.074170545,0.13466708,0.18959522,0.90471226,0.7553,0.21097468,0.27539712,0.1079821,0.6,0.5,0.5,0.4,0.4,0.4,0.5,0.5,0.6,0.6,0.2,0.0,0.0,-0.2,-0.2,0.6413257,0.5446624,0.4428719,0.38763914,0.3551984,0.3586743,0.45533758,0.5571281,0.6123609,0.6448016,0.28265142,0.08932481,-0.114256196,-0.22472174,-0.2896032,0.9790376,0.8233552,0.8350711,0.860261,0.89755344,0.5283656,0.39193508,0.30664092,0.30524188,0.31659624,1.21029,1.2660729,0.9812126,0.97690314,0.9650304,0.5733999,0.5307464,0.5187323,0.51598704,0.50801945,0.42660007,0.46925357,0.48126772,0.484013,0.49198055,0.14679983,0.06149283,0.03746456,0.03197402,0.016038911
SH601225,0.014742909261660315,0.625,,2026-04-24,0.010760999,0.03574174,0.30107653,0.020368924,0.5698918,0.004611816,0.12903166,-0.0049961098,-0.13978362,0.98935354,1.0201521,0.98479086,1.0041198,0.9430131,0.9593886,0.99781656,1.0152838,0.8168122,0.9727947,0.9627947,0.96830785,0.9787118,0.9319723,0.02656346,0.021200713,0.018453712,0.024706924,0.065420836,0.0158952,0.004464734,-0.00071921153,-0.001522361,0.0029327285,0.8951642,0.4065385,0.05316354,0.2942386,0.6129306,-0.0045851325,0.01711396,0.038524665,0.043362465,-0.018487819,1.0201521,1.0201521,1.0201521,1.0623677,1.0623677,0.9209076,0.9209076,0.9209076,0.9209076,0.78480977,0.9945851,0.97436684,0.9850218,0.9980349,0.98336244,0.9614847,0.9487773,0.95563316,0.96061134,0.8622707,1.0,1.0,1.0,0.8666667,0.9166667,0.79694515,0.79694515,0.79694515,0.55911475,0.7752986,1.0,1.0,1.0,0.23333333,0.6166667,0.2,0.6,0.8,0.8666667,0.15,0.8,0.4,0.2,-0.6333333,0.46666667,0.708718,0.5989271,0.24430446,0.5968397,-0.1638113,-0.123262554,0.023675648,-0.13655032,0.09906831,0.48055598,0.6,0.5,0.4,0.43333334,0.51666665,0.4,0.5,0.6,0.56666666,0.48333332,0.2,0.0,-0.2,-0.13333334,0.033333335,0.85558486,0.6768061,0.50474393,0.48152062,0.5945885,0.14441514,0.32319394,0.4952561,0.51847935,0.40541148,0.7111697,0.35361215,0.009487816,-0.036958735,0.18917702,0.9889982,0.7810269,0.7366317,0.86419755,1.0735726,0.10552502,0.23714617,0.22557434,0.3146817,0.53012145,1.0050029,1.2642438,1.1417376,1.0233444,1.6370502,0.7647566,0.63386554,0.52601975,0.4568446,0.49776193,0.23524337,0.36613446,0.47398025,0.54315543,0.5022381,0.5295133,0.26773104,0.052039504,-0.086310804,-0.0044761403
SZ301269,0.0135411728322255,0.5,,2026-04-24,0.008563876,0.03170932,0.27007443,0.013655832,0.43065673,0.009489611,0.29926884,0.004397655,0.13868651,0.99150884,1.0135399,0.98209983,0.99804044,0.9850303,0.9697177,0.94583476,1.0889041,1.3473889,0.99673176,0.9882756,0.97011197,0.9806841,1.0710585,0.009541107,0.0123483855,0.023404697,0.03958224,0.10705469,0.00021712683,0.002821494,0.0034669288,-0.0010128446,-0.0054116533,0.0012947009,0.47857425,0.7679835,0.05074422,0.7793785,0.002833969,-0.00097233383,-0.0030477943,0.03400215,0.08858524,1.0283154,1.0283154,1.0283154,1.0939491,1.3711097,0.97188526,0.9523967,0.9202528,0.9202528,0.9202528,1.001714,1.0001143,0.9918409,1.001714,1.1594332,0.99282366,0.9778768,0.9448063,0.9448749,0.96791226,0.6,0.8,0.9,0.76666665,0.38333333,0.49822208,0.62703025,0.73797244,0.45911878,0.1768792,0.2,0.6,0.8,0.06666667,0.016666668,0.6,0.1,0.3,0.53333336,0.76666665,-0.4,0.5,0.5,-0.46666667,-0.75,0.63668954,0.82762676,0.8742276,0.18200178,0.43370926,0.7925232,0.83147347,0.7821354,-0.05261121,-0.051755678,0.6,0.5,0.5,0.46666667,0.43333334,0.4,0.5,0.5,0.53333336,0.56666666,0.2,0.0,0.0,-0.06666667,-0.13333334,0.59969574,0.6246478,0.5997475,0.4147304,0.34117034,0.4003043,0.3753522,0.4002525,0.58526963,0.6588296,0.19939144,0.24929559,0.19949502,-0.1705392,-0.31765932,1.0409547,0.95872337,0.8132726,0.80580574,0.86960715,0.18563822,0.17241368,0.24206452,0.27752405,0.3104115,0.69842064,0.8273041,0.9498495,1.1764495,1.1191148,0.5327772,0.5369307,0.57119894,0.53492224,0.45050788,0.46722278,0.46306935,0.42880106,0.46507773,0.5494921,0.06555441,0.0738613,0.14239785,0.06984452,-0.098984264
SH601688,0.013199831463803416,0.75,,2026-04-24,-0.0126183,0.023133596,-0.5454534,0.0015772993,0.06818219,0.008937998,0.38636437,-0.0052576014,-0.22727123,1.0127796,1.014377,0.9909478,0.9993146,1.015314,0.99693716,0.9808576,1.055513,1.2209035,1.0134763,1.0116386,0.98683,0.99672025,1.0783244,0.0117360335,0.00849429,0.029601514,0.032557055,0.09533847,-0.0013399593,0.0006125563,0.0038359682,-0.0004925511,-0.004930596,0.03258972,0.04767046,0.5877466,0.017738383,0.81575984,-0.010796339,-0.0143951,-0.023271715,0.010421715,0.067128174,1.0509425,1.0509425,1.0509425,1.0846995,1.2615631,0.9909478,0.98606056,0.9341671,0.9341671,0.9341671,1.019219,1.0154672,1.0104134,1.0173048,1.1924196,1.0076569,1.0074272,0.9534457,0.9696018,0.9945635,0.2,0.1,0.55,0.46666667,0.23333333,0.1508836,0.21484277,0.5637566,0.43733388,0.20108044,0.6,0.8,0.9,0.1,0.05,1.0,0.1,0.35,0.56666666,0.78333336,-0.4,0.7,0.55,-0.46666667,-0.73333335,0.8466187,0.6861342,0.4613656,0.16438633,0.1540059,0.8997046,0.61770415,0.6304035,0.36449006,0.18527883,0.2,0.4,0.4,0.36666667,0.33333334,0.8,0.6,0.6,0.6333333,0.6333333,-0.6,-0.2,-0.2,-0.26666668,-0.3,0.37179455,0.5180181,0.5341529,0.43912673,0.37548557,0.6282055,0.48198184,0.46584705,0.56087327,0.62451446,-0.25641093,0.036036313,0.06830588,-0.121746525,-0.24902888,1.2204337,1.2457654,1.2082378,1.167845,1.2134206,0.5536079,0.38932002,0.51819634,0.46797833,0.53700423,1.0722609,1.1819209,1.3179905,1.1761359,1.2590786,0.48436585,0.34545323,0.49325335,0.506907,0.4974108,0.5156341,0.65454674,0.50674665,0.49309304,0.5025892,-0.03126828,-0.3090935,-0.013493315,0.013813939,-0.0051783924
SH601988,0.012788577105689942,0.75,,2026-04-24,-0.0017181692,0.010309315,-0.16666181,0.0034364585,0.33333528,0.005154688,0.5000029,6.009686e-08,5.829374e-06,1.0017211,1.0051636,0.99483645,0.99834216,0.99333775,0.97268486,0.9606928,0.92471683,0.9173884,1.0087941,0.99966687,0.99580276,0.9784366,0.9493004,0.009054229,0.012401395,0.016822465,0.029190037,0.036246564,-0.005063272,0.0026124008,0.000889634,0.0026680033,0.0018091485,0.78180707,0.40677103,0.09788397,0.6474483,0.7598268,0.0013324372,-0.011422668,-0.0042542894,-0.017122611,-0.002670319,1.0275376,1.0275376,1.0278164,1.0278164,1.0278164,0.98843706,0.9604142,0.9553596,0.91599536,0.90028614,1.016922,1.0074617,1.0106595,1.0026649,0.99400395,1.001599,0.9920053,0.9793471,0.94830114,0.91898733,0.2,0.6,0.6,0.73333335,0.8666667,0.29572383,0.58974695,0.61609656,0.75124145,0.7818836,0.4,0.7,0.25,0.5,0.75,0.2,0.1,0.1,0.23333333,0.05,0.2,0.6,0.15,0.26666668,0.7,0.85154134,0.24778312,0.24290507,-0.21936296,-0.047757804,0.85696155,0.8326262,0.74047804,0.47831655,0.31766188,0.4,0.5,0.4,0.5,0.5,0.6,0.4,0.5,0.4,0.38333333,-0.2,0.1,-0.1,0.1,0.11666667,0.5694448,0.6814163,0.6027876,0.63680404,0.5890805,0.43055525,0.31858376,0.39721236,0.363196,0.41091952,0.13888952,0.3628325,0.20557529,0.27360806,0.17816097,1.2559004,1.275564,1.6485949,1.7832942,1.775391,0.30662802,0.24075067,0.7455915,0.68101573,0.6633856,1.149119,1.0962412,1.6803833,1.4670693,1.4288094,0.48906285,0.46062452,0.45748842,0.49662143,0.47489363,0.51093715,0.5393755,0.5425116,0.50337857,0.5251064,-0.02187433,-0.07875095,-0.08502315,-0.006757151,-0.05021272
SH601872,0.010864587080824458,0.625,,2026-04-24,-0.0005734454,0.04013768,-0.01428696,0.009174326,0.22857143,0.030389907,0.7571416,0.020642135,0.51428324,1.0005738,1.0097533,0.96959263,0.9903664,1.0642294,1.0945324,0.9575099,0.91600794,0.634058,1.0449935,1.0492425,1.0627141,1.0344862,0.91061157,0.04695301,0.032587904,0.06522715,0.07098074,0.17280093,-0.0279315,-0.0045214994,0.00015602328,0.004052593,0.008622537,0.8847114,0.176467,0.00020025806,0.25263098,0.75941265,0.010869539,-0.028895725,-0.06419636,-0.09324881,-0.16497643,1.1319078,1.1319078,1.2224051,1.2224051,1.2224051,0.96959263,0.96959263,0.9131676,0.88074267,0.613339,1.0946641,1.07029,1.1201582,1.0946641,1.0476943,1.0039526,1.0252306,1.0039526,0.97279316,0.68945986,0.2,0.1,0.2,0.36666667,0.6166667,0.18733524,0.18733524,0.28079528,0.34905022,0.63484246,0.4,0.7,0.3,0.53333336,0.76666665,1.0,1.0,0.15,0.033333335,0.033333335,-0.6,-0.3,0.15,0.5,0.73333335,0.06331959,0.09547399,0.55557334,0.35386097,0.6499564,-0.26167557,0.12456877,0.25712967,0.5262299,0.38277066,0.4,0.4,0.4,0.4,0.45,0.6,0.6,0.6,0.6,0.55,-0.2,-0.2,-0.2,-0.2,-0.1,0.24543074,0.3078983,0.5343633,0.540489,0.58362186,0.75456923,0.6921017,0.46563667,0.45951098,0.41637817,-0.5091385,-0.38420337,0.06872667,0.08097805,0.16724367,1.1607978,1.1279371,1.2744644,1.3205467,1.3057855,0.25341564,0.24055155,0.36888415,0.34277382,0.5322135,1.2093073,1.0035125,1.1431767,0.98638815,1.0778741,0.50431675,0.38902768,0.4929037,0.48423445,0.5113361,0.49568328,0.6109723,0.5070963,0.51576555,0.48866394,0.008633462,-0.22194463,-0.014192589,-0.0315311,0.022672137
SH601899,0.010807124866095488,0.75,,2026-04-24,0.00852438,0.026161075,0.3258421,0.0032334165,0.12359647,0.014403278,0.5505614,0.019694243,0.7528071,0.99154764,1.0032061,0.97726613,0.98861647,1.0123192,0.9836636,0.935324,1.0711033,1.1114087,1.0185056,1.014676,0.99238753,0.9845563,1.0570747,0.018264234,0.017481979,0.0300711,0.038911078,0.085092545,-0.0066416794,0.0012887322,0.004025093,0.0017765383,-0.0036874195,0.33059242,0.04981448,0.6270775,0.16154903,0.5727458,-0.005222263,-0.020475237,-0.0306259,-0.010316128,0.05170425,1.0452373,1.0493124,1.0493124,1.0766834,1.3099004,0.97726613,0.9709177,0.91816455,0.86853594,0.86853594,1.0363685,1.0302625,1.0153991,1.0173272,1.1423407,1.0021424,1.0021424,0.9585163,0.94609,0.9786556,0.2,0.2,0.55,0.56666666,0.28333333,0.33446312,0.3709732,0.6239942,0.63159084,0.2978582,0.6,0.3,0.65,0.033333335,0.1,1.0,0.1,0.05,0.23333333,0.6166667,-0.4,0.2,0.6,-0.2,-0.51666665,0.36048675,0.46570793,0.5467218,-0.19972341,0.30746526,0.5442542,0.5023222,0.72904676,0.061444994,0.022858417,0.4,0.5,0.45,0.43333334,0.48333332,0.6,0.5,0.55,0.56666666,0.51666665,-0.2,0.0,-0.1,-0.13333334,-0.033333335,0.40725797,0.56124496,0.59587145,0.44428122,0.4642366,0.592742,0.43875504,0.40412858,0.5557188,0.5357634,-0.18548405,0.122489914,0.19174285,-0.11143754,-0.0715268,1.1826545,1.053329,1.003725,1.1438701,1.2983857,0.24363309,0.25858104,0.27682844,0.39235118,0.5937581,1.1393111,1.0843424,1.3068169,1.188838,1.2518215,0.5778005,0.51779974,0.48303115,0.5131378,0.48781407,0.42219946,0.48220024,0.51696885,0.48686218,0.51218593,0.15560105,0.03559952,-0.0339377,0.026275653,-0.024371855
SZ000975,0.010433719801694576,0.75,,2026-04-24,0.0,0.030797133,0.0,0.0061594625,0.20000117,0.02463767,0.7999988,0.018478207,0.59999764,1.0,1.0061594,0.9753623,0.9907004,1.0588578,1.0894846,0.95629376,1.1742425,1.2390573,1.0456618,1.0599878,1.0665275,1.0558631,1.105683,0.04037742,0.032271992,0.03411071,0.055257153,0.09009289,-0.02391544,-0.008189709,-0.0009747093,0.00024846205,-0.0030935311,0.8770406,0.59033275,0.028578322,0.0015669126,0.35960668,0.0021691096,-0.02313404,-0.057267755,-0.05946586,-0.014423771,1.1044439,1.1243887,1.1500273,1.2055846,1.5061957,0.9753623,0.9753623,0.9399056,0.9135552,0.9135552,1.0807952,1.0818635,1.0896983,1.0896983,1.1401969,1.0037814,1.0480316,1.0547268,1.0058664,1.0585017,0.2,0.1,0.05,0.16666667,0.083333336,0.19086897,0.16532427,0.28599826,0.29601392,0.14586377,0.2,0.2,0.4,0.033333335,0.1,1.0,1.0,0.05,0.26666668,0.6333333,-0.8,-0.8,0.35,-0.23333333,-0.53333336,-0.4748858,-0.5491905,0.13864961,-0.17650348,0.37501705,-0.10359716,-0.15317455,0.62125856,0.096731514,0.25837392,0.2,0.3,0.4,0.36666667,0.4,0.8,0.7,0.6,0.6,0.5833333,-0.6,-0.4,-0.2,-0.23333333,-0.18333334,0.2182268,0.22644478,0.54299355,0.40203857,0.44218603,0.7817732,0.7735552,0.45700645,0.5979614,0.557814,-0.5635464,-0.54711044,0.08598711,-0.19592288,-0.115627944,1.1950172,1.0311677,1.1983461,1.3795334,1.7073497,0.38480422,0.31479028,0.46592727,0.57581276,0.90437263,1.2642545,1.3862858,1.4188507,1.3693815,1.3515549,0.5649758,0.46132293,0.5063987,0.4984445,0.48811844,0.4350242,0.53867704,0.49360132,0.5015555,0.51188153,0.12995161,-0.07735411,0.012797331,-0.0031110307,-0.023763098
SZ300661,0.010132895725070392,0.375,,2026-04-24,-0.02349731,0.056284167,-0.4174764,0.03158466,0.5611642,0.001202196,0.021359399,-0.053879775,-0.9572812,1.0240628,1.0564075,0.99876887,1.0217383,0.8677096,0.851484,0.807049,0.8371512,0.851484,0.9273144,0.8900001,0.8482218,0.8355564,0.81345993,0.057950724,0.056092717,0.06602314,0.05829413,0.058044545,0.03589355,0.016790865,0.009661535,0.0043740133,0.0012699445,0.95908046,0.8213809,0.7494936,0.43632716,0.14599784,0.0008985161,0.034440998,0.05999362,0.10102039,0.1490767,1.0564075,1.0564075,1.0564075,1.0564075,1.0564075,0.84890616,0.8283132,0.7484032,0.7476188,0.69367063,0.97886455,0.9278252,0.88133997,0.86837554,0.85819775,0.8764598,0.84776,0.7944174,0.79272074,0.77098775,1.0,1.0,1.0,1.0,1.0,0.7281588,0.7527014,0.8168616,0.81732684,0.84449494,1.0,1.0,1.0,1.0,1.0,0.4,0.1,0.25,0.26666668,0.43333334,0.6,0.9,0.75,0.73333335,0.56666666,0.94282234,0.88142604,0.79805136,0.75271094,0.7170995,0.67425203,0.68037856,0.5673851,0.67044806,0.59294564,1.0,0.8,0.65,0.53333336,0.5,0.0,0.2,0.35,0.46666667,0.5,1.0,0.6,0.3,0.06666667,0.0,1.0,0.89995676,0.7006688,0.61366314,0.55725425,0.0,0.10004326,0.2993312,0.38633683,0.44274575,1.0,0.79991347,0.40133762,0.2273263,0.11450854,0.7322637,0.58823854,0.53179216,0.49872267,0.45562357,0.33133644,0.27248332,0.22574931,0.2029644,0.23998837,1.0422661,1.3534681,1.0182985,1.0137017,1.3713931,0.8255821,0.57433707,0.61610776,0.5216814,0.5137292,0.1744179,0.42566293,0.38389224,0.47831857,0.48627082,0.6511642,0.14867415,0.23221554,0.043362856,0.02745839
SH600438,0.009806776845575366,0.625,,2026-04-24,-0.0138121955,0.024861872,-0.55555737,0.0077347932,0.31111065,0.0033148823,0.13333197,-0.018232107,-0.73333603,1.0140057,1.0218488,0.9966387,1.0063046,0.98652583,0.9125729,0.9389027,1.0952024,1.0358279,1.0210462,1.0020013,0.9578835,0.97664195,1.0082064,0.012893961,0.022268778,0.050922032,0.05446052,0.06126663,-0.0038611076,0.005336362,0.006636145,-0.0010189798,-0.002065674,0.22417702,0.5263919,0.594413,0.027131218,0.40192047,-0.013323917,-0.026014877,-0.020926857,0.03813326,0.04983902,1.0548702,1.0548702,1.0548702,1.105876,1.1484495,0.9859702,0.9064456,0.8677675,0.8677675,0.8677675,1.0284326,1.022831,1.0043647,1.0270896,1.054674,1.0174589,0.9852006,0.9116805,0.9241297,0.9487631,0.2,0.6,0.8,0.6333333,0.4,0.20362556,0.63031566,0.70673716,0.5553456,0.4711114,0.8,0.9,0.95,0.033333335,0.31666666,0.2,0.1,0.35,0.56666666,0.31666666,0.6,0.8,0.6,-0.53333336,0.0,0.32916754,0.12674531,0.7183098,0.7007766,0.67330873,0.7797898,0.9172243,0.7619041,0.65766734,0.6198739,0.4,0.6,0.55,0.43333334,0.36666667,0.4,0.3,0.4,0.53333336,0.43333334,0.0,0.3,0.15,-0.1,-0.06666667,0.5812469,0.7322223,0.5810193,0.41750243,0.47303048,0.4187531,0.26777768,0.41898075,0.58249754,0.5269695,0.16249384,0.46444467,0.16203852,-0.16499512,-0.05393902,1.2471141,1.2908478,0.9747645,1.0513748,1.2184615,0.25730774,0.4893666,0.47852543,0.44080037,0.61164343,1.0574431,1.7180644,1.7085866,1.4187797,1.3826264,0.5704234,0.53464365,0.49640557,0.41395193,0.45761153,0.42957658,0.46535635,0.50359446,0.58604807,0.5423885,0.14084686,0.06928731,-0.0071888627,-0.17209613,-0.08477695
SH600999,0.008492732823828696,0.75,,2026-04-24,-0.0019480941,0.013636363,-0.14286023,0.00389607,0.2857118,0.007792199,0.57142794,0.001948035,0.1428559,1.0019519,1.0058556,0.99219257,0.99704456,1.0218805,1.0331165,0.98699,1.0493791,1.089592,1.0084566,1.0191307,1.0165879,1.0167948,1.0509758,0.0071044248,0.012662719,0.013172403,0.01760423,0.04130295,-0.00428742,-0.003990821,0.00031346935,-0.00019497242,-0.0020402372,0.9104879,0.9105044,0.019821122,0.009506355,0.7442161,0.00011825583,-0.0011720232,-0.019565798,-0.013967714,0.009211227,1.0253115,1.0401537,1.0532844,1.0609698,1.1285622,0.99219257,0.99219257,0.97829795,0.9712005,0.9712005,1.0151982,1.0310467,1.0310467,1.0337079,1.0963928,1.0040213,1.0054997,1.0049083,1.0004731,1.0127144,0.2,0.1,0.15,0.2,0.1,0.23573862,0.16278593,0.2894129,0.32081637,0.18301459,0.2,0.3,0.5,0.1,0.11666667,1.0,1.0,0.05,0.23333333,0.6166667,-0.8,-0.7,0.45,-0.13333334,-0.5,-0.44431335,-0.5375924,0.1705518,0.21354766,0.60434836,-0.80345577,-0.27892682,0.36605453,0.08939336,0.07672089,0.2,0.2,0.35,0.33333334,0.38333333,0.8,0.7,0.55,0.6,0.56666666,-0.6,-0.5,-0.2,-0.26666668,-0.18333334,0.025642343,0.15000038,0.53928566,0.41540018,0.41979873,0.97435766,0.8499996,0.46071434,0.58459985,0.58020127,-0.9487153,-0.6999993,0.0785713,-0.16919966,-0.16040252,1.1551999,0.99870867,0.9883085,1.0535753,1.3761638,0.41599265,0.33932763,0.40205637,0.42995462,0.67064077,1.0675846,0.9796969,1.1614034,1.3121239,1.1105511,0.52184397,0.38192174,0.5226854,0.50402206,0.4933736,0.478156,0.61807823,0.47731462,0.49597797,0.5066264,0.043688,-0.23615651,0.045370787,0.008044069,-0.013252819
SZ000425,0.00819423351545477,0.625,,2026-04-24,0.0030832607,0.016444022,0.1875004,0.008221959,0.49999678,0.0051388033,0.3125028,1.053854e-07,6.408736e-06,0.9969262,1.0081967,0.9918032,0.9983164,1.0194572,1.0870913,1.0532627,1.175186,1.1301122,1.0155659,1.0351351,1.0473287,1.059316,1.1283057,0.014000497,0.027390491,0.031092664,0.03758323,0.0872775,-0.006555773,-0.008053847,-0.0020999403,-0.0025968966,-0.0030631034,0.5481519,0.7925352,0.15964894,0.370018,0.37568042,-0.002454299,0.0011071493,-0.027379222,-0.02166107,-0.03794409,1.0389302,1.0983461,1.1198801,1.1926196,1.321711,0.9682246,0.9682246,0.9682246,0.9682246,0.9682246,1.0241747,1.0641392,1.078058,1.0862702,1.2276508,1.0032661,1.01474,1.0190467,1.0231528,1.0491799,0.2,0.1,0.05,0.033333335,0.016666668,0.4494044,0.24419795,0.20952371,0.14160484,0.08989151,0.4,0.3,0.4,0.033333335,0.31666666,0.2,0.6,0.8,0.8666667,0.93333334,0.2,-0.3,-0.4,-0.8333333,-0.6166667,0.36714807,-0.12441491,-0.08669867,-0.05090166,0.037782907,-0.47864556,-0.5338815,0.071901605,0.09361159,0.021053404,0.2,0.3,0.4,0.36666667,0.41666666,0.8,0.7,0.6,0.6333333,0.5833333,-0.6,-0.4,-0.2,-0.26666668,-0.16666667,0.3208765,0.21473347,0.43781662,0.3722046,0.45395553,0.67912346,0.7852665,0.5621834,0.6277954,0.54604447,-0.35824698,-0.57053304,-0.12436675,-0.2555908,-0.09208891,2.0496593,1.988701,1.7407221,1.6860107,1.8317896,1.1905069,0.9037457,0.79307383,0.6715078,0.7211148,0.63299286,0.8920145,1.2904787,1.1190578,1.3295329,0.35912716,0.47974065,0.5023778,0.41557887,0.4816121,0.64087284,0.5202593,0.4976222,0.5844211,0.5183879,-0.28174567,-0.040518694,0.004755609,-0.16884223,-0.036775805
SH603288,0.008190287881498247,0.5,,2026-04-24,0.003015075,0.017336704,0.17391282,0.014321629,0.8260872,0.0,0.0,-0.011306554,-0.65217435,0.99699396,1.0142785,0.99699396,1.0043873,1.0004848,1.0358201,0.92559326,0.9273329,0.9070842,1.0033538,1.0110911,1.021435,0.99555004,0.9504354,0.010507694,0.012857957,0.018658705,0.042121932,0.055965994,-0.0045345575,-0.0035414007,-0.0016171084,0.0027715971,0.0027512535,0.46558076,0.6953727,0.26289558,0.33554077,0.73707664,0.0057152607,0.0048451717,-0.0060725515,-0.035738196,-0.031597372,1.0308058,1.0370668,1.0633705,1.0633705,1.0633705,0.9781963,0.9781963,0.9428652,0.9052946,0.8655858,1.0110712,1.0220282,1.0367213,1.0308008,1.0187315,0.99649215,0.9995494,1.0003878,0.95536166,0.8986596,0.6,0.3,0.2,0.46666667,0.73333335,0.41444376,0.37036672,0.47412714,0.59911364,0.67959875,0.4,0.4,0.25,0.5,0.75,0.8,0.9,0.05,0.23333333,0.1,-0.4,-0.5,0.2,0.26666668,0.65,0.31147832,-0.45482123,0.08329588,0.10408546,0.13913795,-0.12315528,-0.419625,0.6194441,0.40907267,0.50656396,0.6,0.4,0.5,0.5,0.46666667,0.4,0.6,0.45,0.46666667,0.51666665,0.2,-0.2,0.05,0.033333335,-0.05,0.4954378,0.31342855,0.6431786,0.59223866,0.56366765,0.5045622,0.6865714,0.35682142,0.40776134,0.43633235,-0.00912438,-0.3731429,0.2863572,0.18447731,0.12733532,1.2140583,1.1759006,1.805492,1.7828711,1.6999861,0.13805932,0.21161385,1.0026248,0.91001576,0.8678724,0.56412923,0.7514714,2.1594958,1.9223342,1.8334949,0.21458839,0.42713454,0.5004319,0.50044185,0.49730954,0.7854116,0.5728654,0.49956813,0.49955815,0.50269043,-0.5708232,-0.1457309,0.0008637379,0.00088371534,-0.005380919
SH600023,0.007942122913553614,0.625,,2026-04-24,0.0017271832,0.020725377,0.083336644,0.012089735,0.58333004,0.006908459,0.33333334,-0.0034540924,-0.16666006,0.9982758,1.0120689,0.99137926,1.0024673,0.95,0.94310343,0.975862,0.9741379,0.85862064,0.9893103,0.9703448,0.95801723,0.95264363,0.92008615,0.013597754,0.022136513,0.022258116,0.022258835,0.046562895,0.007931043,0.0068756556,0.0023813848,0.0014222699,0.00232761,0.85048425,0.884344,0.40063643,0.31641772,0.7621498,-0.005172397,-0.001285242,0.019359639,0.026733447,0.011249331,1.0120689,1.0120689,1.0120689,1.0120689,1.0120689,0.94482756,0.93275857,0.92241377,0.8999999,0.8431034,1.0,0.9944827,0.9848275,0.96896553,0.9520689,0.9824137,0.95137924,0.94241375,0.9375862,0.85827583,0.9,0.95,0.975,0.98333335,0.9916667,0.8205139,0.847827,0.86538535,0.89230835,0.9285719,1.0,1.0,1.0,1.0,1.0,0.2,0.1,0.35,0.23333333,0.15,0.8,0.9,0.65,0.76666665,0.85,-0.11405541,0.6765789,0.32438853,0.1754058,0.11360632,0.7158112,0.64769614,0.44361535,0.34118995,0.33516502,0.8,0.7,0.65,0.56666666,0.5833333,0.0,0.1,0.25,0.33333334,0.35,0.8,0.6,0.4,0.23333333,0.23333333,1.0,0.9230767,0.5686275,0.54010695,0.6305733,0.0,0.07692329,0.4313725,0.45989308,0.36942676,1.0,0.84615344,0.13725498,0.08021385,0.26114652,1.1124597,0.9490297,1.0755538,1.2055749,1.3339976,0.08469883,0.2130902,0.39268818,0.51735586,0.55368763,0.819805,1.1078055,1.3919301,1.2632169,1.2010888,0.70109147,0.56185484,0.26776853,0.44130123,0.49990037,0.29890853,0.43814516,0.7322315,0.5586988,0.50009966,0.40218294,0.123709686,-0.46446297,-0.11739756,-0.00019927297
SZ300442,0.0078090885786156585,0.375,,2026-04-24,-0.019307869,0.05433636,-0.35533974,0.0039037452,0.07184406,0.03112475,0.5728162,0.007913135,0.1456324,1.019688,1.0236686,0.9682625,0.9905311,1.0144217,0.93641067,0.906732,0.95417345,0.80472183,1.0060694,0.9986636,0.94774485,0.9374705,0.94395876,0.02447415,0.02693188,0.059656445,0.052605227,0.069004335,0.0014143343,0.004343901,0.008842489,0.0040946687,0.0011405392,0.008348893,0.23847228,0.7689575,0.46954954,0.083869025,-0.008898041,-0.01821117,-0.031748496,0.003156781,0.024422953,1.0720714,1.0720714,1.0720714,1.0720714,1.143941,0.9596416,0.9144531,0.84452695,0.84452695,0.80558276,1.0256584,1.0254691,1.0076063,0.9844089,1.0157582,0.99376357,0.97059965,0.8869313,0.8952614,0.8783563,0.4,0.5,0.75,0.8333333,0.7407407,0.3589652,0.5427471,0.6832643,0.6832643,0.5745898,0.8,0.9,0.95,0.96666664,0.2,0.6,0.1,0.35,0.56666666,0.2,0.2,0.8,0.6,0.4,0.0,0.37020156,0.51580715,0.8606022,0.7892255,0.48810127,0.29234162,0.58561325,0.6910634,0.71732306,0.7045811,0.6,0.6,0.5,0.43333334,0.38333333,0.4,0.4,0.5,0.56666666,0.48333332,0.2,0.2,0.0,-0.13333334,-0.1,0.4547044,0.61031693,0.5893143,0.52778715,0.5267974,0.5452956,0.3896831,0.41068572,0.47221285,0.47320262,-0.090591215,0.22063383,0.17862853,0.05557428,0.053594783,1.0072542,1.0070006,0.82406694,0.82440263,1.0821099,0.13503642,0.1470429,0.260162,0.25050297,0.42602593,0.4916097,0.69669276,0.98200536,0.9029203,1.6028694,0.56558466,0.50677377,0.5556522,0.5060543,0.4673814,0.43441534,0.49322623,0.44434777,0.49394572,0.53261864,0.13116932,0.01354755,0.11130446,0.012108537,-0.06523724
SH601628,0.007686041661168699,0.5,,2026-04-24,0.0021797726,0.021253394,0.10256115,0.0027248568,0.12820807,0.016348764,0.7692308,0.015803682,0.74358386,0.99782497,1.0027189,0.9815118,0.99186534,1.0202103,1.0270817,1.0262733,1.1469281,1.3029507,1.0099838,1.0172191,1.0088217,1.044065,1.1500405,0.009495126,0.010301181,0.01701745,0.05939916,0.12488169,-0.005921582,-0.0028784296,0.0010793447,-0.004898059,-0.006722439,0.9723309,0.71572906,0.14079894,0.52697396,0.88380414,0.0018593285,-0.004266179,-0.019075558,0.02695688,0.048271496,1.035139,1.0416466,1.0416466,1.1814613,1.378505,0.9815118,0.9815118,0.9655986,0.9655986,0.9655986,1.0170978,1.0254649,1.0250607,1.0858934,1.2927648,1.0022635,1.0071949,0.9956346,1.0022635,1.0192806,0.2,0.1,0.3,0.2,0.1,0.3447546,0.3074466,0.4523647,0.15936711,0.08331529,0.4,0.3,0.65,0.1,0.11666667,1.0,1.0,0.35,0.56666666,0.78333336,-0.6,-0.7,0.3,-0.46666667,-0.6666667,-0.47126248,-0.12954631,0.06400589,-0.0970977,-0.01292953,-0.4268847,0.3229135,0.72914064,0.10837392,-0.056760147,0.2,0.3,0.3,0.33333334,0.35,0.8,0.7,0.7,0.6666667,0.65,-0.6,-0.4,-0.4,-0.33333334,-0.3,0.11538187,0.2589916,0.44672123,0.3333332,0.3476315,0.8846181,0.7410084,0.55327874,0.6666668,0.6523685,-0.76923627,-0.4820168,-0.106557526,-0.3333336,-0.30473697,0.9712874,0.9592908,1.183906,1.2343483,1.2437401,0.16789305,0.15053532,0.40219977,0.4689849,0.49514687,0.5244622,0.46913844,1.539802,1.5108414,1.2943035,0.5119722,0.365282,0.39851892,0.50821453,0.4971629,0.4880278,0.634718,0.6014811,0.4917855,0.5028371,0.023944372,-0.269436,-0.20296218,0.016429033,-0.005674207
SH600741,0.007614595040054301,0.5,,2026-04-24,-0.008312964,0.019559948,-0.42499927,0.0029340212,0.15000147,0.008312964,0.42499927,-0.0029340212,-0.15000147,1.0083827,1.0113412,0.9916173,0.9999048,1.0073924,1.0093619,0.88806653,0.93392104,1.0182377,1.0036459,1.0079354,0.986881,0.961207,0.9540571,0.0067754947,0.006830419,0.03840067,0.049930777,0.040442824,0.0007895341,-0.0013417348,0.0046712835,0.0045665293,0.0007051306,0.03394687,0.35371226,0.51792026,0.64824265,0.09271626,-0.0052249106,-0.0018976347,-0.03125819,-0.027421666,0.025141545,1.0197213,1.0236646,1.0236646,1.0236646,1.0295818,0.9906269,0.9906269,0.85552067,0.85552067,0.85552067,1.0067034,1.014002,1.0130129,1.0094608,1.0007879,0.99911153,1.0031513,0.97849834,0.9086798,0.92366225,0.4,0.2,0.5,0.6666667,0.8,0.32216245,0.2837094,0.8592598,0.8592598,0.83004916,0.6,0.4,0.7,0.8,0.016666668,0.2,0.6,0.1,0.4,0.7,0.4,-0.2,0.6,0.4,-0.68333334,0.48366708,0.6050355,0.018350367,0.4126086,0.29967538,-0.029084321,0.36984903,0.6031018,0.3892803,0.12311982,0.4,0.4,0.55,0.46666667,0.46666667,0.6,0.6,0.45,0.53333336,0.53333336,-0.2,-0.2,0.1,-0.06666667,-0.06666667,0.41577584,0.4326874,0.74617463,0.605339,0.48683807,0.58422416,0.5673126,0.25382534,0.394661,0.5131619,-0.16844834,-0.13462521,0.4923493,0.210678,-0.02632385,1.2529114,1.3250912,1.7959003,1.5050081,1.3846034,0.17254789,0.25111213,1.0306985,0.94140464,0.789922,0.3868662,0.48576686,2.3647165,2.5610135,2.1987355,0.4869547,0.44034025,0.51356894,0.5087363,0.49095386,0.5130453,0.5596597,0.48643106,0.49126372,0.50904614,-0.02609062,-0.1193195,0.027137877,0.01747258,-0.018092297
SH600161,0.006947493903805713,0.75,,2026-04-24,0.00337158,0.013486222,0.25000182,0.004720173,0.34999964,0.0053944695,0.39999855,0.0040458767,0.30000073,0.9966397,1.0047044,0.9912634,0.99687046,1.0201298,1.0013188,1.0053449,1.0826362,1.122306,1.0067053,1.0080484,1.009324,1.0205463,1.0615776,0.0059096687,0.013151381,0.013218993,0.02687329,0.04901535,-0.0035574194,0.00035064394,-0.0005132126,-0.002016826,-0.0026053737,0.9059075,0.006516305,0.052755266,0.4365127,0.86173886,0.00040953667,-0.009626342,-0.004448389,0.008697697,0.015280997,1.0214863,1.0530819,1.0530819,1.0873594,1.174047,0.9912634,0.97444993,0.97444993,0.97444993,0.97444993,1.0122098,1.0142158,1.0204005,1.0369486,1.1092492,1.001055,0.99865335,0.9963628,0.9993267,1.0100579,0.2,0.3,0.3,0.23333333,0.11666667,0.28907207,0.32493234,0.32493234,0.22628798,0.12800825,0.2,0.4,0.7,0.033333335,0.05,1.0,0.1,0.55,0.7,0.85,-0.8,0.3,0.15,-0.6666667,-0.8,0.13771176,0.18199344,0.15313043,-0.15523343,0.22875667,-0.10231099,0.3054475,0.30420318,-0.09429169,0.121876106,0.2,0.3,0.4,0.36666667,0.46666667,0.8,0.7,0.6,0.6333333,0.53333336,-0.6,-0.4,-0.2,-0.26666668,-0.06666667,0.030743835,0.49278128,0.48740998,0.376747,0.40518722,0.96925616,0.5072187,0.51259,0.623253,0.5948128,-0.9385123,-0.014437449,-0.025180036,-0.24650596,-0.18962559,1.0189008,1.8364775,1.6463172,1.5642862,1.7654778,0.15481064,1.0556036,0.76716614,0.70015556,0.98783493,0.84060144,1.3962708,1.1536012,1.3911184,1.6952419,0.17906326,0.47614232,0.4957752,0.4986976,0.4833958,0.82093674,0.5238577,0.5042248,0.5013024,0.5166042,-0.6418735,-0.04771538,-0.00844959,-0.0026047968,-0.033208344
SH601898,0.006943428011712387,0.625,,2026-04-24,-0.0180893,0.03222166,-0.56140184,0.009609985,0.29824612,0.004522376,0.14035204,-0.023176908,-0.7192959,1.0184226,1.0282096,0.9953943,1.009495,0.9431953,0.9869822,1.0307692,1.1147928,0.75581855,0.97333336,0.97278106,0.9943787,1.0120184,0.93957263,0.033170816,0.026212214,0.03363041,0.039761886,0.10809316,0.019408276,0.00094196445,-0.0033453437,-0.0034617465,0.004577,0.8558578,0.011837857,0.34632614,0.58743286,0.5468462,-0.012149884,0.022980101,0.037402086,0.038176928,-0.07459413,1.0282096,1.0282096,1.082522,1.1383289,1.1383289,0.92121047,0.92121047,0.92121047,0.92121047,0.72248036,1.0026824,1.0001578,1.0185404,1.0507298,1.0308481,0.95045364,0.9526627,0.96560156,0.97790927,0.8228797,0.8,0.8,0.6,0.4,0.6166667,0.7363569,0.7363569,0.48843068,0.36288735,0.6673575,1.0,1.0,0.35,0.033333335,0.51666665,0.2,0.6,0.8,0.8666667,0.13333334,0.8,0.4,-0.45,-0.8333333,0.38333333,0.7157318,0.6993027,0.37148768,0.5190491,0.21568039,0.7684871,0.66689634,0.16097206,0.032726903,0.4834674,0.6,0.4,0.4,0.4,0.51666665,0.4,0.6,0.6,0.6,0.48333332,0.2,-0.2,-0.2,-0.2,0.033333335,0.76865685,0.53674847,0.46306816,0.41176474,0.57885355,0.23134314,0.46325156,0.5369318,0.58823526,0.42114648,0.5373137,0.07349691,-0.07386367,-0.17647052,0.15770707,1.1307149,1.0989668,1.2354956,1.4073174,1.632297,0.25360093,0.22776373,0.39970002,0.46580166,0.7326142,1.0020458,0.960511,1.2007729,1.0649109,1.2538226,0.57283264,0.499982,0.45468253,0.42265502,0.5049039,0.42716736,0.500018,0.5453175,0.57734495,0.4950961,0.1456653,-3.598145e-05,-0.09063493,-0.15468995,0.009807805
SZ002475,0.006547490997707097,0.5,,2026-04-24,-0.022367092,0.05080725,-0.44023424,0.0042956215,0.084547415,0.024144536,0.47521833,-0.002518177,-0.04956334,1.0228788,1.0272727,0.97530305,0.9965873,0.90530235,0.8815142,0.7604513,0.75303096,0.86183876,1.0099388,0.95454437,0.86488545,0.8229636,0.79677844,0.01733734,0.060014952,0.10615172,0.105785,0.08270996,0.0038786423,0.017919412,0.017076898,0.0106260665,0.002198854,0.12512223,0.817222,0.9057993,0.78198534,0.21556439,-0.017696101,-0.035181712,-0.027115991,0.022958446,0.13835536,1.0709066,1.0709066,1.0709066,1.0709066,1.0709066,0.92287886,0.87120914,0.7272722,0.67530257,0.67530257,1.0276043,1.0053632,0.99596953,0.90742344,0.8410266,0.9961507,0.8949672,0.7540005,0.7392717,0.7431491,0.6,0.8,0.9,0.93333334,0.96666664,0.5209909,0.6449297,0.79365677,0.82076365,0.82076365,0.8,0.9,0.95,0.96666664,0.98333335,0.2,0.1,0.15,0.26666668,0.6333333,0.6,0.8,0.8,0.7,0.35,-0.6674485,0.49486744,0.68615633,0.7031079,0.6677923,0.81639487,0.8047463,0.7797016,0.7381362,0.642652,0.6,0.6,0.6,0.53333336,0.41666666,0.4,0.4,0.4,0.46666667,0.5833333,0.2,0.2,0.2,0.06666667,-0.16666667,0.8031031,0.7792949,0.7660734,0.70344037,0.573664,0.19689688,0.2207051,0.23392662,0.29655963,0.426336,0.60620624,0.55858976,0.53214675,0.40688077,0.14732799,1.0574099,0.91534585,0.7896949,0.69614816,0.5667345,0.2521441,0.2510874,0.34252796,0.33692497,0.28175557,1.4627783,1.7372338,1.4323182,1.5537983,1.7756007,0.6423685,0.41274083,0.517801,0.5547804,0.5323082,0.35763153,0.5872592,0.482199,0.44521955,0.46769178,0.28473696,-0.17451835,0.035601985,0.10956088,0.06461641
SH601298,0.006182629451068071,0.625,,2026-04-24,-0.0022026168,0.01651982,-0.13333176,0.011013214,0.6666667,0.00330399,0.20000157,-0.00991184,-0.59999686,1.0022075,1.013245,0.9966887,1.0045414,0.9810699,0.9530864,0.9588477,1.0139917,0.93333334,0.9912757,0.9800823,0.96872425,0.9726474,0.9991221,0.013355168,0.016573917,0.01794879,0.019795237,0.036948696,0.007654324,0.0051677283,0.0024555228,-1.6294769e-05,-0.0013450923,0.8212116,0.89116967,0.6550669,5.2514195e-05,0.40420884,-0.006584364,-0.003337068,0.007948273,0.027588839,0.040558167,1.013245,1.013245,1.013245,1.0209519,1.0989077,0.9607066,0.9423146,0.9355049,0.9344017,0.9311094,1.0014815,0.9927572,0.98189294,0.99209875,1.0329218,0.982716,0.967572,0.9544033,0.95539093,0.9613169,0.8,0.9,0.95,0.9,0.49166667,0.7478988,0.81326765,0.82962453,0.757922,0.4105559,1.0,1.0,1.0,0.033333335,0.18333334,0.2,0.1,0.35,0.23333333,0.016666668,0.8,0.9,0.65,-0.2,0.16666667,0.29405656,-0.030350305,-0.5329172,-0.3716324,0.5522991,0.39303935,0.349732,-0.16490482,-0.3216598,0.09466269,0.6,0.8,0.6,0.53333336,0.53333336,0.4,0.2,0.4,0.46666667,0.41666666,0.2,0.6,0.2,0.06666667,0.11666667,0.68852514,0.8000003,0.60162616,0.47931877,0.548503,0.3114749,0.19999966,0.39837384,0.5206812,0.451497,0.37705025,0.6000007,0.2032523,-0.04136244,0.097006015,1.0807652,1.093009,1.308834,1.3674641,2.241576,0.2111658,0.16347629,0.35218108,0.34862798,1.5872747,0.6052211,0.67552686,1.0704561,1.1072502,1.9232457,0.46349785,0.3866415,0.47909662,0.46628404,0.48653218,0.5365022,0.6133585,0.5209034,0.53371596,0.51346785,-0.073004305,-0.22671697,-0.041806787,-0.06743193,-0.026935654
SZ002311,0.006122666556571952,0.375,,2026-04-24,0.008991589,0.018197428,0.49411318,0.004709992,0.25882733,0.004495848,0.24705951,0.008777445,0.48234534,0.9910885,1.004668,0.98663276,0.9971594,1.0203701,1.0333091,1.0959057,1.1988053,1.097829,1.0069591,1.0196271,1.0488038,1.0836146,1.1075944,0.01396876,0.018984096,0.037390903,0.063870244,0.055982158,-0.0064053894,-0.0043760394,-0.0054417555,-0.006777807,-0.0016494859,0.5256727,0.48707297,0.7413344,0.87273616,0.26478767,0.005851674,6.5136715e-05,0.0028928935,0.014663594,-0.05893457,1.0432922,1.0566442,1.1389931,1.2465503,1.2465503,0.98663276,0.98663276,0.98663276,0.98663276,0.98663276,1.0176891,1.0307622,1.07817,1.1328399,1.1554948,0.9974181,0.999662,1.019187,1.0241003,1.0600961,0.6,0.3,0.15,0.1,0.05,0.23592287,0.19092953,0.08773439,0.05142878,0.05142878,0.6,0.3,0.25,0.06666667,0.53333336,1.0,1.0,1.0,1.0,1.0,-0.4,-0.7,-0.75,-0.93333334,-0.46666667,0.07155029,0.26014912,-0.045695405,0.09692408,0.03673803,-0.3418812,-0.19744058,0.039702468,-0.06556538,0.0957732,0.4,0.4,0.4,0.4,0.43333334,0.6,0.6,0.6,0.6,0.56666666,-0.2,-0.2,-0.2,-0.2,-0.13333334,0.32086062,0.3743677,0.37260962,0.320568,0.45384803,0.6791394,0.6256323,0.6273904,0.679432,0.546152,-0.35827875,-0.25126454,-0.25478074,-0.358864,-0.09230393,1.6775203,1.9145099,1.9326706,1.9581263,2.0614483,0.8809348,0.73806155,0.8187872,0.76885587,0.75976837,1.4134992,0.9942047,0.9072601,1.1119255,1.0559266,0.41703963,0.29510635,0.48442042,0.46396548,0.47990522,0.58296037,0.70489365,0.5155796,0.5360345,0.52009475,-0.16592075,-0.4097873,-0.031159163,-0.07206907,-0.040189542
SZ300832,0.0058873272588033255,0.375,,2026-04-24,0.016035829,0.056446522,0.28408888,0.035065304,0.62121284,0.0053453883,0.09469828,-0.0136840865,-0.24242568,0.9842173,1.0345119,0.9789562,1.0145681,0.95641506,0.9764682,1.0220995,1.129425,1.1955187,0.96861064,0.96752614,0.98988134,1.0138292,1.0701727,0.02312723,0.017333396,0.032691345,0.046804857,0.06852404,0.0133312745,0.001961916,-0.0041371067,-0.004747403,-0.003632128,0.83068454,0.117437,0.5605262,0.79731894,0.85691196,0.004726806,0.023645243,0.049421158,0.055008095,0.036975164,1.0345119,1.0345119,1.05596,1.1405593,1.205373,0.937534,0.9227968,0.9227968,0.9227968,0.9227968,0.98739517,0.9812155,1.0310825,1.0501331,1.1348271,0.9517291,0.9536935,0.96067125,0.9735421,0.9890731,1.0,1.0,0.7,0.46666667,0.23333333,0.6441263,0.6910724,0.5797636,0.35452947,0.27321196,1.0,1.0,0.1,0.033333335,0.016666668,0.6,0.2,0.6,0.73333335,0.8666667,0.4,0.8,-0.5,-0.7,-0.85,0.84580916,0.7639021,-0.43047467,-0.42757446,0.039082717,0.3292879,0.5901599,0.32611084,0.22577393,0.27269718,0.6,0.5,0.5,0.4,0.36666667,0.4,0.5,0.5,0.6,0.6333333,0.2,0.0,0.0,-0.2,-0.26666668,0.811403,0.57315534,0.4672925,0.37963834,0.39431474,0.18859705,0.4268447,0.5327075,0.6203617,0.6056853,0.6228059,0.14631064,-0.065414995,-0.24072333,-0.21137056,0.718716,0.73286456,0.5652663,0.52008224,0.5532186,0.2621474,0.30540723,0.28168666,0.2399587,0.25125712,0.7027322,0.8126546,0.90842485,0.87332904,1.079547,0.7145718,0.60147345,0.5819615,0.56652635,0.5314038,0.28542826,0.39852658,0.4180385,0.43347368,0.46859622,0.42914352,0.20294686,0.16392301,0.13305265,0.06280755
SH600111,0.005849506523570382,0.625,,2026-04-24,0.0051064566,0.022127751,0.2307716,0.0046808617,0.21153806,0.012340433,0.5576903,0.012766028,0.57692385,0.9949195,1.004657,0.98264176,0.9926192,1.0419135,1.0954667,0.9781885,1.0941979,1.0573597,1.0416555,1.0519226,1.0455081,1.0327642,1.0873537,0.039205533,0.03385625,0.037865825,0.042384934,0.083169945,-0.022734173,-0.0077629355,0.00155351,0.001768733,-0.0019875665,0.8406276,0.48193192,0.05891166,0.13495944,0.17418483,0.0038128118,-0.016989408,-0.06026652,-0.058410868,-0.0287205,1.0912277,1.129336,1.129336,1.129336,1.3456705,0.98264176,0.98264176,0.95723397,0.9318351,0.9318351,1.0723467,1.0723467,1.0806916,1.0720489,1.151304,0.99966025,1.0335308,1.0058806,0.9980894,1.0092258,0.4,0.2,0.15,0.26666668,0.13333334,0.15985733,0.11832945,0.2484922,0.34513718,0.16471505,0.4,0.1,0.55,0.7,0.36666667,1.0,1.0,0.05,0.26666668,0.6333333,-0.6,-0.9,0.5,0.43333334,-0.26666668,-0.02360805,0.05266374,0.47637552,0.32219344,0.644397,-0.51059806,-0.39900187,0.11060914,0.16125742,0.46060565,0.4,0.3,0.5,0.43333334,0.5,0.6,0.7,0.5,0.56666666,0.5,-0.2,-0.4,0.0,-0.13333334,0.0,0.3193529,0.25463587,0.5303934,0.41953465,0.4838881,0.6806471,0.7453641,0.46960658,0.5804653,0.5161119,-0.36129418,-0.49072823,0.060786873,-0.1609307,-0.03222381,1.5586188,1.6114358,1.3376579,1.3021729,1.7911694,0.56750166,0.40839013,0.45183054,0.3904603,0.917199,1.3075176,1.269216,1.3014679,1.1578643,1.4032652,0.4312506,0.48196918,0.49959803,0.4905337,0.49599677,0.56874937,0.5180308,0.500402,0.5094663,0.5040032,-0.13749877,-0.03606165,-0.0008039349,-0.018932596,-0.008006456
SZ000895,0.005162998595387037,0.5,,2026-04-24,0.010380565,0.019723099,0.5263151,0.0027681391,0.1403501,0.0065743956,0.3333348,0.014186821,0.7192998,0.98972607,1.0027397,0.9832192,0.9960219,0.97260404,0.9568508,0.94349736,0.951374,0.8797952,0.9891153,0.98360044,0.9718704,0.96728724,0.9358438,0.011377827,0.010325326,0.016297704,0.017756723,0.037062578,0.0063001243,0.0024680784,0.0017971655,0.0009913843,0.0019521952,0.76651305,0.52374727,0.42558998,0.24157955,0.846204,-0.0017155267,0.005293201,0.011056477,0.018337695,0.0065663885,1.014047,1.014047,1.014047,1.014047,1.014047,0.9661044,0.957877,0.9335636,0.9078824,0.8633609,0.99507684,0.9916506,0.9863757,0.9815808,0.9732931,0.98658,0.97287965,0.95664644,0.9506184,0.90083045,1.0,1.0,1.0,1.0,1.0,0.70700395,0.7499201,0.82546717,0.8676867,0.9067798,0.4,0.7,0.85,0.9,0.95,0.2,0.1,0.4,0.3,0.05,0.2,0.6,0.45,0.6,0.9,0.67844164,0.350662,0.21407798,-0.29998395,0.040585916,0.8819071,0.8777312,0.57935613,-0.016855812,0.11659773,0.6,0.5,0.5,0.5,0.51666665,0.4,0.5,0.5,0.5,0.48333332,0.2,0.0,0.0,0.0,0.033333335,0.90828526,0.7647229,0.6424806,0.5792327,0.6214472,0.09171476,0.23527715,0.35751942,0.4207673,0.37855282,0.81657046,0.5294457,0.28496116,0.15846539,0.24289438,0.84681547,0.87368166,0.88199407,0.9617114,0.908352,0.21166891,0.20519574,0.17603973,0.2715628,0.2778591,1.4412761,1.0953645,0.84845906,1.1443516,1.1725826,0.6498982,0.55409104,0.49569288,0.5180397,0.5030697,0.35010183,0.44590896,0.50430715,0.48196033,0.49693027,0.29979637,0.10818205,-0.008614261,0.03607936,0.00613944
SH601669,0.004732508427791795,0.625,,2026-04-24,-0.017006751,0.0221088,-0.76922995,0.0017006831,0.076923355,0.0034013663,0.15384671,-0.015306069,-0.6923066,1.017301,1.019031,0.9965398,1.0043362,0.98713,0.97940797,1.029601,1.1312741,1.045045,1.0141569,0.9996139,0.9955598,1.0189618,1.0060917,0.012609968,0.017626127,0.018731924,0.05380191,0.05041927,-0.00038610047,0.0045474074,0.00065898255,-0.0035234343,0.0004133857,0.0023437578,0.61013424,0.043316275,0.33238292,0.020503007,-0.013384789,-0.0200772,-0.0018201545,0.032128006,-0.01828665,1.035672,1.035672,1.0361185,1.2432432,1.2432432,0.9852882,0.96815115,0.9596608,0.9596608,0.9407979,1.0259974,1.0175033,1.0144144,1.0316602,1.0298584,1.0020592,0.98404115,0.98172456,0.98404115,0.97117114,0.2,0.6,0.6,0.4,0.55833334,0.29199484,0.471689,0.5276017,0.14224854,0.1957448,0.8,0.9,0.05,0.033333335,0.51666665,0.2,0.1,0.3,0.53333336,0.28333333,0.6,0.8,-0.25,-0.5,0.23333333,0.48803136,0.77693254,0.75322425,0.8622255,0.85906124,0.7772809,0.5609012,0.52387804,0.38974962,0.44833642,0.6,0.6,0.45,0.43333334,0.46666667,0.4,0.4,0.55,0.56666666,0.53333336,0.2,0.2,-0.1,-0.13333334,-0.06666667,0.5735297,0.59756124,0.44278607,0.40625003,0.48035914,0.42647028,0.40243876,0.5572139,0.59374994,0.51964086,0.14705946,0.19512245,-0.114427865,-0.18749993,-0.039281696,1.1867262,0.98029155,0.94575876,1.7689873,1.6636384,0.27102762,0.29951003,0.24527654,1.6840336,1.4424121,0.5304916,1.0201471,0.8003829,2.429855,2.523895,0.56943244,0.534755,0.429598,0.3265897,0.46623078,0.43056756,0.46524504,0.57040197,0.6734103,0.53376925,0.13886486,0.06950993,-0.14080398,-0.34682056,-0.067538455
SH601868,0.0025711926147730453,0.25,,2026-04-24,-0.023569047,0.04040405,-0.5833338,0.0067339386,0.16666493,0.010101065,0.2500013,-0.020201921,-0.4999974,1.024138,1.0310345,0.98965514,1.0036173,1.0032787,0.9836066,1.0983607,1.3114754,0.8721311,1.0229508,1.0065573,1.0054098,1.0545355,0.9755738,0.0148448795,0.020908315,0.025535997,0.08034104,0.12625411,-0.003606554,0.0049279635,-0.00011093296,-0.007096409,0.004111616,0.14756097,0.5092234,0.00066051644,0.60464996,0.32346988,-0.01573769,-0.028733207,-0.0043559675,0.04836242,-0.09686643,1.0604199,1.0604199,1.0826441,1.3608837,1.3608837,0.98965514,0.96946365,0.9596167,0.9596167,0.82277244,1.0334426,1.0301639,1.0301639,1.1337705,1.0872132,1.0131147,0.9895082,0.9836066,0.98688525,0.84918034,0.2,0.5,0.525,0.35,0.60833335,0.14618675,0.33572552,0.32824633,0.10063941,0.32935113,0.8,0.9,0.05,0.033333335,0.51666665,1.0,0.1,0.35,0.56666666,0.28333333,-0.2,0.8,-0.3,-0.53333336,0.23333333,0.62101644,0.8183538,0.7986439,0.9474454,0.8563377,0.69765705,0.59869176,0.56766045,0.4549285,0.4549933,0.6,0.6,0.45,0.43333334,0.48333332,0.4,0.4,0.55,0.56666666,0.45,0.2,0.2,-0.1,-0.13333334,0.033333335,0.47826087,0.5675676,0.35294107,0.28110588,0.54814816,0.5217391,0.43243244,0.64705896,0.7188941,0.45185181,-0.04347826,0.13513513,-0.29411787,-0.43778828,0.096296355,1.2166258,1.0218267,1.011425,1.6500897,1.4542712,0.29728583,0.30974188,0.28305832,1.0877953,1.2714281,0.76662624,0.8487553,0.8213511,1.520167,2.1022217,0.49113283,0.5597538,0.4070834,0.25489473,0.50066924,0.5088672,0.44024622,0.5929166,0.74510527,0.4993308,-0.017734371,0.11950755,-0.1858332,-0.49021056,0.0013384483
SH688047,0.0021578821807242557,0.25,,2026-04-24,-0.050246928,0.059259225,-0.8479174,0.009012298,0.15208262,0.0,0.0,-0.059259225,-1.0,1.0529052,1.0623944,1.0,1.029558,0.9409203,0.86572206,0.90816325,0.9705577,1.155076,0.95042247,0.9353373,0.8958566,0.9057022,0.9765599,0.03786276,0.03159841,0.048467565,0.047991507,0.09721965,0.019946715,0.008030517,0.006640398,0.00027304693,-0.0044302153,0.6938382,0.59206295,0.6569825,0.002508693,0.6333465,0.009684133,0.028525367,0.04105961,0.09033867,0.1541315,1.0623944,1.0623944,1.0623944,1.0623944,1.3197062,0.90081894,0.86474717,0.8252307,0.8252307,0.8252307,0.9833615,0.9485766,0.9301962,0.94125825,1.0388665,0.92474973,0.9178344,0.8579098,0.86490315,0.89633435,1.0,1.0,1.0,0.96666664,0.5833333,0.6138376,0.68431455,0.73691434,0.73691434,0.3534438,1.0,1.0,1.0,1.0,0.016666668,0.4,0.1,0.35,0.56666666,0.78333336,0.6,0.9,0.65,0.43333334,-0.76666665,0.94917494,0.77695215,0.8881085,0.7769656,0.7873219,0.7592174,0.743327,0.68904215,0.5341336,0.6031088,0.6,0.6,0.5,0.5,0.43333334,0.4,0.4,0.5,0.5,0.56666666,0.2,0.2,0.0,0.0,-0.13333334,0.7380827,0.8300318,0.6218733,0.5210053,0.4529203,0.26191726,0.16996819,0.37812665,0.47899473,0.5470797,0.47616547,0.6600636,0.24374667,0.04201055,-0.09415941,0.57752347,0.516396,0.37464404,0.36060655,0.4519672,0.3551413,0.252177,0.23018977,0.19491246,0.2781193,1.0896844,1.1053655,1.2603326,1.1163993,1.488141,0.7513377,0.7208514,0.667251,0.6168729,0.5178916,0.24866231,0.2791486,0.332749,0.3831271,0.4821084,0.50267535,0.4417028,0.334502,0.23374583,0.035783157
SZ002736,0.0016679757519196363,0.5,,2026-04-24,-0.011680136,0.014375594,-0.8124976,0.0017969493,0.125,0.00089850894,0.062502384,-0.012578577,-0.87499523,1.0118182,1.0136364,0.99909085,1.0023003,1.0990304,1.0706371,1.0256232,1.1135733,1.1551247,1.0222992,1.060457,1.0457064,1.0575484,1.0900393,0.016332323,0.042289842,0.03508588,0.043032985,0.045867298,-0.010110796,-0.012200954,0.0010715846,-0.0017515611,-0.001974098,0.9581087,0.76300424,0.032647982,0.12839538,0.56497717,-0.0020775404,-0.005552728,-0.055886388,-0.0321508,-0.031803317,1.0858599,1.1222279,1.1222279,1.2087911,1.2087911,0.99909085,0.99909085,0.99909085,0.99909085,0.99909085,1.0317174,1.0991689,1.0869806,1.100831,1.1308863,1.0099722,1.0246537,1.0174514,1.0209141,1.0296398,0.2,0.1,0.05,0.033333335,0.016666668,0.010477564,0.007383058,0.007383058,0.0043353676,0.0043353676,0.2,0.4,0.7,0.1,0.55,1.0,1.0,1.0,1.0,1.0,-0.8,-0.6,-0.3,-0.9,-0.45,0.7869569,-0.45537454,0.18567856,0.44881025,0.24169603,-0.90439254,-0.7213129,0.08479877,0.34963655,0.29313406,0.0,0.4,0.4,0.36666667,0.41666666,1.0,0.6,0.6,0.6333333,0.5833333,-1.0,-0.2,-0.2,-0.26666668,-0.16666667,0.0,0.27826095,0.458427,0.39826307,0.41604197,1.0,0.72173905,0.541573,0.6017369,0.583958,-1.0,-0.4434781,-0.083146,-0.20347384,-0.16791609,1.5092448,1.1727166,0.9655997,1.20125,1.1118019,0.85812366,0.67502016,0.5787554,0.8450378,0.65614736,1.607429,1.872352,1.7985712,1.5701374,1.6756152,0.5280282,0.42945293,0.52140236,0.51298666,0.5027597,0.4719718,0.57054704,0.47859764,0.48701337,0.4972403,0.056056365,-0.14109413,0.042804725,0.025973268,0.0055194176
SH601360,0.0011549938466934753,0.625,,2026-04-24,0.012855776,0.033976115,0.37837684,0.0045914375,0.13513722,0.016528903,0.48648596,0.024793241,0.7297256,0.98730737,1.0045332,0.9709883,0.987021,1.0,0.98545766,0.9700599,1.1424295,1.0996578,1.0029085,0.99841744,0.9832763,0.9986313,1.0572641,0.007599626,0.008384025,0.022512263,0.040671643,0.07292375,-0.003464496,0.0012364849,0.0024543812,-0.0018874699,-0.0032809826,0.51956,0.19938111,0.41601962,0.16690847,0.61740446,0.004020525,-0.0039816387,-0.0065929373,0.028736992,0.039524928,1.0208889,1.0208889,1.0208889,1.1366274,1.2092612,0.9709883,0.96979517,0.92740923,0.92740923,0.92740923,1.0073566,1.0011121,1.0,1.0121472,1.1355004,0.99888796,0.99349874,0.9727973,0.9727973,0.98511547,0.5,0.65,0.825,0.68333334,0.34166667,0.5813897,0.5911648,0.7765405,0.34696192,0.2575492,0.2,0.6,0.8,0.033333335,0.28333333,1.0,0.1,0.35,0.56666666,0.78333336,-0.8,0.5,0.45,-0.53333336,-0.5,-0.14147168,0.16226178,0.419667,0.6716938,0.8778426,0.5699269,0.4479323,0.8083695,0.403118,0.5892049,0.6,0.6,0.6,0.53333336,0.51666665,0.4,0.3,0.35,0.43333334,0.46666667,0.2,0.3,0.25,0.1,0.05,0.5,0.58018863,0.55520505,0.38064513,0.46506748,0.5,0.41981134,0.44479495,0.6193549,0.5349325,0.0,0.16037731,0.11041009,-0.23870976,-0.06986504,0.88346326,0.85696286,0.8819922,1.0536005,1.8413424,0.12721188,0.11435276,0.22659503,0.36825576,1.1043658,0.4122958,0.62029815,1.719887,1.2137313,1.3197602,0.7024311,0.4946885,0.5081208,0.39928705,0.4801953,0.29756892,0.5053115,0.49187922,0.60071295,0.51980466,0.40486217,-0.0106230015,0.016241526,-0.2014259,-0.039609354
SH600482,0.0010305289027666912,0.5,,2026-04-24,-0.061774276,0.07803061,-0.7916673,0.0,0.0,0.016256329,0.20833272,-0.045517948,-0.58333457,1.0658416,1.0658416,0.98267335,1.0044142,0.94581366,1.0009959,0.77205217,0.8559456,0.6270019,0.9809477,0.97070783,0.9020289,0.86099356,0.81384534,0.044052273,0.04049016,0.09064641,0.09519862,0.109110855,0.021732628,0.0040393923,0.013324013,0.009247037,0.004861392,0.6084542,0.091231436,0.75620043,0.73121583,0.6054597,-0.024412908,0.011114879,-0.028607022,0.0049243853,0.042743586,1.0730349,1.0730349,1.0730349,1.0730349,1.0730349,0.90764886,0.90376014,0.7495012,0.7203201,0.6267764,1.0092108,1.0039665,0.98041654,0.9590242,0.929815,0.94397146,0.94397146,0.7991204,0.7806489,0.6860676,0.8,0.8,0.85,0.9,0.95,0.55839765,0.5685425,0.77425885,0.79293513,0.8363396,0.8,0.9,0.95,0.96666664,0.98333335,0.4,0.4,0.05,0.23333333,0.11666667,0.4,0.5,0.9,0.73333335,0.8666667,0.9640395,0.7542384,0.6978892,0.53876215,0.3707234,0.932867,0.73549044,0.37429273,0.3310232,0.38059464,0.4,0.4,0.55,0.5,0.51666665,0.6,0.6,0.45,0.5,0.48333332,-0.2,-0.2,0.1,0.0,0.033333335,0.6664965,0.49861166,0.681752,0.58190227,0.61285466,0.33350348,0.5013883,0.318248,0.41809776,0.38714537,0.33299303,-0.0027766628,0.363504,0.16380449,0.22570926,0.9245063,0.96432084,0.81539524,0.7945288,0.846735,0.40686384,0.36080423,0.31449017,0.2720164,0.30072862,1.1839644,0.85730255,0.9995666,0.93078685,0.87988603,0.6051837,0.531666,0.54732585,0.49072903,0.5105759,0.39481628,0.46833405,0.45267418,0.50927097,0.4894241,0.21036743,0.06333191,0.094651654,-0.018541936,0.021151764
SH601018,0.000983227863998958,0.625,,2026-04-24,0.0,0.013054817,0.0,0.0052218954,0.39999756,0.007832922,0.6000024,0.002611027,0.20000486,1.0,1.0052218,0.99216706,0.998686,1.0037314,1.0186567,1.0895523,1.125,0.9645522,1.0018656,1.0076492,1.0291045,1.0462065,1.0553483,0.0026384438,0.008034179,0.027174015,0.035091054,0.043173835,-0.001305966,-0.0021596549,-0.004342945,-0.0036910826,-0.00027028637,0.6125028,0.66236466,0.8939826,0.8574649,0.011953825,0.0007462686,0.0020692057,0.012153522,0.0073142494,-0.047374785,1.0160447,1.0283525,1.100395,1.1223722,1.136194,0.99216706,0.99216706,0.99216706,0.99216706,0.95820993,1.0041045,1.0171641,1.0608209,1.0820895,1.0910448,1.0,1.0,1.0037314,1.0070895,1.0119402,0.4,0.2,0.1,0.06666667,0.108333334,0.328044,0.2164663,0.07237432,0.060158376,0.23479679,0.4,0.3,0.15,0.033333335,0.45,1.0,1.0,1.0,1.0,0.033333335,-0.6,-0.7,-0.85,-0.96666664,0.41666666,0.38041192,0.5556123,0.73448807,0.6072152,0.16035296,0.5771597,0.35144633,0.29031727,-0.37845546,0.12852655,0.2,0.2,0.2,0.33333334,0.46666667,0.2,0.4,0.55,0.5,0.38333333,0.0,-0.2,-0.35,-0.16666667,0.083333336,0.24999733,0.30769166,0.21428514,0.31693983,0.5278593,0.7500027,0.6923083,0.78571486,0.68306017,0.47214073,-0.5000053,-0.38461664,-0.5714297,-0.3661203,0.05571854,1.0479283,1.1060823,1.2213439,1.358195,1.9440544,0.12548,0.13246696,0.19735722,0.31553197,0.9441079,1.5338608,1.1897148,0.8647661,1.2124729,1.3188381,0.4279484,0.4972312,0.45342338,0.47620478,0.4779591,0.5720516,0.5027688,0.5465766,0.52379525,0.5220409,-0.14410321,-0.005537655,-0.09315324,-0.047590435,-0.04408183
SH601985,-5.543861528125701e-05,0.5,,2026-04-24,-0.002200235,0.012101188,-0.18181975,0.002200235,0.18181975,0.007700718,0.6363605,0.0033002482,0.27272102,1.0022051,1.0044101,0.9922823,0.99989045,0.9578475,0.9605381,1.019731,1.0098655,0.97757846,0.9879821,0.9747982,0.9782063,0.9850224,0.97195816,0.014525294,0.01719155,0.018629793,0.021049285,0.023721173,0.008699563,0.0051257038,-0.0006621945,-0.001020168,0.00060500106,0.8967782,0.81487,0.044220455,0.18204147,0.19839914,-0.0053811963,0.0021361408,0.028084574,0.029770011,0.01019432,1.0048968,1.0048968,1.0197878,1.0408278,1.0408278,0.9546896,0.9545408,0.9528185,0.9528185,0.9330143,1.0005381,0.9906727,0.998565,1.0037669,0.99677134,0.97901344,0.9592825,0.9596412,0.96484303,0.94977576,0.8,0.9,0.85,0.76666665,0.8666667,0.9024691,0.9027573,0.7045246,0.5360965,0.6213109,0.8,0.9,0.05,0.3,0.65,0.2,0.1,0.5,0.6666667,0.31666666,0.6,0.8,-0.45,-0.36666667,0.33333334,0.5916404,0.80893695,0.8026787,0.78637433,0.66694534,0.9795917,0.4428306,0.3665978,0.544141,0.27899423,0.8,0.6,0.45,0.46666667,0.45,0.2,0.4,0.55,0.53333336,0.53333336,0.6,0.2,-0.1,-0.06666667,-0.083333336,0.9433956,0.78947294,0.43820217,0.48196718,0.5244618,0.056604397,0.21052705,0.5617978,0.51803285,0.47553816,0.8867912,0.57894593,-0.123595655,-0.036065646,0.048923653,1.1092031,0.89021295,0.8949837,1.2235132,1.1104046,0.1642578,0.27299097,0.23540045,0.65421593,0.6098138,0.6598121,0.9422584,0.79319555,1.1402018,1.2055497,0.5863616,0.5897631,0.42360008,0.45667207,0.5010633,0.41363844,0.4102369,0.5763999,0.5433279,0.49893674,0.17272313,0.1795262,-0.15279986,-0.08665588,0.0021265422
SZ302132,-0.0002650239886201628,0.5,,2026-04-24,-0.019401832,0.025237044,-0.76878387,0.004230533,0.16763186,0.0016046794,0.06358428,-0.022027686,-0.87283146,1.0197858,1.0241,0.99836355,1.0045929,1.0254503,1.0101306,1.0041758,1.1050382,1.1932495,1.0244817,1.0284895,1.0140693,1.0234307,1.0926651,0.014581531,0.01196553,0.018910365,0.030001784,0.07643017,-0.008270121,-0.0027811914,0.0017345387,-0.00113478,-0.0038083277,0.8041878,0.49523264,0.29446673,0.110874295,0.7572491,-0.007941465,-0.015974155,-0.030547425,-0.0069764317,0.01968058,1.0471531,1.0553409,1.0553409,1.1048869,1.2378894,0.99836355,0.99836355,0.9759057,0.9641489,0.9641489,1.0319191,1.0385857,1.0298682,1.0401176,1.1682489,1.019273,1.0251786,0.9973314,0.9981913,1.0100714,0.2,0.1,0.3,0.26666668,0.13333334,0.033540603,0.028720703,0.3033198,0.2547365,0.13096753,0.4,0.3,0.65,0.033333335,0.36666667,1.0,1.0,0.35,0.23333333,0.6166667,-0.6,-0.7,0.3,-0.2,-0.25,-0.21742305,0.40055922,0.75745744,0.34553573,0.73097,0.1711084,0.6099467,0.5799593,0.32999003,0.49239784,0.2,0.3,0.4,0.4,0.38333333,0.8,0.6,0.55,0.56666666,0.6,-0.6,-0.3,-0.15,-0.16666667,-0.21666667,0.2504847,0.44990242,0.49054083,0.3766469,0.40217146,0.7495153,0.5500976,0.5094592,0.62335306,0.5978285,-0.49903056,-0.1001952,-0.018918337,-0.24670617,-0.19565706,0.8900573,1.0047692,0.8413205,0.922992,1.2860439,0.13953817,0.287132,0.28181762,0.2877575,0.69613415,0.94049805,1.289875,1.1337894,1.0413976,1.4516172,0.61228466,0.5264019,0.5075101,0.51049113,0.48989984,0.3877153,0.4735981,0.49248987,0.4895089,0.5101002,0.22456937,0.052803796,0.01502026,0.020982223,-0.02020032
SH600887,-0.0006670799604079594,0.375,,2026-04-24,0.00079269445,0.009512512,0.08333177,0.0055489503,0.58333176,0.0031708672,0.33333647,-0.0015853889,-0.16666354,0.9992079,1.0055445,0.99603957,1.0000998,1.0055434,1.0352463,1.0277215,1.0578207,1.0629722,1.0049913,1.0119212,1.0267726,1.0316441,1.0400865,0.005818901,0.010619142,0.017210376,0.019131523,0.019466855,-0.0032084812,-0.0032233705,-0.0026870705,-0.0016482326,-0.00073897105,0.76007605,0.8446039,0.8531894,0.5752275,0.4395043,0.001425702,0.0025839629,-0.0012454746,-0.007744787,-0.018286895,1.0174286,1.0392076,1.0586131,1.0712898,1.0883156,0.99524796,0.99524796,0.99524796,0.99524796,0.99524796,1.010695,1.0195653,1.0429295,1.046813,1.0578207,1.000634,1.0014266,1.0093476,1.0118837,1.0235263,0.2,0.1,0.05,0.033333335,0.016666668,0.21424288,0.108100094,0.07499457,0.062492516,0.051060114,0.4,0.2,0.15,0.1,0.2,0.8,0.9,0.95,0.96666664,0.98333335,-0.4,-0.7,-0.8,-0.8666667,-0.78333336,-0.6950706,-0.65606916,-0.68651086,-0.21461159,0.24914648,-0.988015,-0.86404246,-0.17474224,-0.4535996,0.01612022,0.4,0.3,0.45,0.46666667,0.45,0.6,0.7,0.55,0.5,0.51666665,-0.2,-0.4,-0.1,-0.033333335,-0.06666667,0.35424894,0.15510589,0.3600143,0.33778834,0.4219851,0.64575106,0.8448941,0.63998574,0.66221166,0.5780149,-0.29150215,-0.6897882,-0.27997142,-0.32442328,-0.1560298,1.0074109,1.0138336,0.8739821,0.9384276,1.2018915,0.11414813,0.21967839,0.23329383,0.26539204,0.5072483,1.1890574,0.9147408,0.9342072,1.6488137,1.618205,0.3408415,0.5730814,0.53565377,0.4716754,0.47555366,0.65915847,0.4269186,0.46434623,0.5283246,0.52444637,-0.318317,0.1461628,0.071307555,-0.0566492,-0.048892688
SH601800,-0.0008926357998943605,0.375,,2026-04-24,-0.009735769,0.01112654,-0.8750042,0.0,0.0,0.0013907709,0.12499582,-0.008344998,-0.75000834,1.0098314,1.0098314,0.99859554,1.0009707,1.0539262,1.0681174,1.0823085,1.1617787,1.1911069,1.022895,1.0430464,1.0561968,1.0786188,1.112835,0.017449873,0.024550362,0.022633873,0.042224526,0.04744199,-0.0109744575,-0.007597258,-0.0030871881,-0.004312371,-0.0023942317,0.98882985,0.87782794,0.65114313,0.808359,0.776795,-0.0009461108,-0.008858729,-0.026868528,-0.01608939,-0.042205267,1.0524089,1.0746827,1.0878487,1.2009684,1.201486,0.99859554,0.99859554,0.99859554,0.99859554,0.99859554,1.0372753,1.0662252,1.0700095,1.1055819,1.1496689,1.0090823,1.0219489,1.0412488,1.0539262,1.0662252,0.2,0.1,0.05,0.033333335,0.016666668,0.026098413,0.018458374,0.01573552,0.0069398847,0.0069221803,0.2,0.3,0.2,0.033333335,0.05,1.0,1.0,1.0,1.0,1.0,-0.8,-0.7,-0.8,-0.96666664,-0.95,0.41969845,-0.7228649,-0.46591592,0.58779263,0.500317,-0.4261399,-0.14995274,0.21088469,0.25302076,0.11135387,0.0,0.2,0.3,0.3,0.36666667,1.0,0.8,0.65,0.6666667,0.6166667,-1.0,-0.6,-0.35,-0.36666667,-0.25,0.0,0.09999956,0.2673797,0.2802057,0.35488507,1.0,0.90000045,0.7326203,0.7197943,0.64511496,-1.0,-0.8000009,-0.4652406,-0.43958858,-0.2902299,1.1709235,0.91769314,0.85983986,1.1778616,1.3257651,0.13762726,0.32641795,0.26975527,0.8890519,0.8280841,0.2982883,0.68502086,0.81236356,1.6852369,1.4853934,0.45669922,0.6119773,0.5170815,0.47162056,0.48742524,0.5433008,0.3880227,0.48291847,0.52837944,0.51257473,-0.08660156,0.2239546,0.034163043,-0.05675887,-0.025149511
SH688036,-0.0014528531225094141,0.375,,2026-04-24,0.0018423428,0.024871038,0.074075826,0.018054472,0.72592354,0.004974223,0.20000063,-0.011237906,-0.45184708,0.998161,1.0180212,0.99319595,1.0055288,0.96596855,0.9698384,1.0209424,1.0643069,1.1345322,0.99137264,0.97831774,0.98107785,0.9905342,1.0355262,0.021873137,0.021810442,0.026079455,0.032923847,0.06070339,0.009162298,0.0056694923,-0.00065406464,-0.001704172,-0.002950993,0.4386587,0.6193995,0.02201468,0.20763828,0.72079265,-0.009697234,-0.0038304748,0.025135783,0.034176335,0.0515281,1.0241911,1.0241911,1.0615419,1.0843765,1.1869158,0.95071334,0.93857944,0.93857944,0.93413424,0.93413424,1.0047348,1.0002959,1.0016617,1.0183929,1.0946277,0.97086275,0.9590029,0.9590029,0.9593216,0.97664464,0.6,0.8,0.75,0.6333333,0.36666667,0.67076904,0.71743166,0.49950635,0.43839735,0.260564,0.6,0.8,0.05,0.033333335,0.033333335,0.2,0.1,0.55,0.23333333,0.6166667,0.4,0.7,-0.5,-0.2,-0.5833333,0.860468,0.8332,0.81451213,0.5534467,0.33993086,0.9200815,0.7724244,0.5944786,0.4387991,0.5312097,0.4,0.5,0.45,0.4,0.4,0.6,0.5,0.55,0.6,0.6,-0.2,0.0,-0.1,-0.2,-0.2,0.7045146,0.60015124,0.47203648,0.44547388,0.4429206,0.2954854,0.39984876,0.5279635,0.5545261,0.5570794,0.40902922,0.20030248,-0.055927016,-0.109052226,-0.11415878,1.2362022,1.0816945,1.0581918,1.1070648,1.1885123,0.5963089,0.4551263,0.4038117,0.3722669,0.47207025,1.6640285,1.6083591,1.217987,1.0874085,1.6931027,0.48053527,0.538141,0.4307904,0.46919522,0.4890646,0.51946473,0.461859,0.56920964,0.5308048,0.51093537,-0.038929444,0.076282,-0.13841923,-0.061609574,-0.02187078
SZ001391,-0.00324080062534413,0.375,,2026-04-24,-0.009433948,0.01509438,-0.62499744,0.0018868104,0.12500086,0.0037736208,0.25000173,-0.0075471383,-0.49999657,1.0095237,1.0114286,0.9961904,1.0016152,1.0075471,1.0132076,1.009434,1.0849057,1.1433961,1.0109434,1.0109434,1.0083019,1.0219496,1.0724843,0.0061718537,0.0046896436,0.0076065124,0.028573781,0.056797754,-0.002641507,-0.00029731248,0.00037452087,-0.002102547,-0.003021646,0.45794392,0.03684325,0.08484943,0.41962153,0.86322635,-0.005660372,-0.009605479,-0.011859827,0.008537249,0.01665429,1.0151122,1.0246167,1.0304209,1.0962758,1.1662261,0.9961904,0.9961904,0.99052984,0.99052984,0.99052984,1.0135849,1.0135849,1.0132076,1.0245283,1.1339623,1.010566,1.0075471,1.0030189,1.005283,1.0128301,0.2,0.1,0.2,0.16666667,0.083333336,0.20133322,0.13401523,0.23739994,0.089555606,0.053900633,0.4,0.3,0.25,0.1,0.2,1.0,1.0,0.35,0.56666666,0.78333336,-0.6,-0.7,-0.1,-0.46666667,-0.5833333,-0.8500929,-0.18843293,0.14555992,0.29539648,0.21578708,-0.50610954,0.15913975,0.5792194,0.19729324,-0.04069622,0.4,0.4,0.45,0.36666667,0.41666666,0.4,0.5,0.5,0.5,0.48333332,0.0,-0.1,-0.05,-0.13333334,-0.06666667,0.33333334,0.3478261,0.4691358,0.34899315,0.35496175,0.6666667,0.65217394,0.5308642,0.6510068,0.64503825,-0.33333334,-0.3043478,-0.061728396,-0.3020137,-0.2900765,0.6665176,0.74198973,0.867529,0.97901523,1.0547328,0.20418131,0.2428986,0.27699944,0.31163144,0.41758558,1.4140916,1.0486325,1.0961481,1.4320992,1.507682,0.789625,0.48606783,0.49490264,0.5053474,0.49302045,0.21037501,0.51393217,0.5050974,0.4946526,0.5069796,0.57925,-0.027864309,-0.01019472,0.010694781,-0.0139591275
SZ300124,-0.0032633341396929357,0.375,,2026-04-24,-0.004152515,0.025530651,-0.16264823,0.0041526235,0.16265246,0.017225513,0.6746993,0.008920374,0.3493986,1.0041698,1.0083398,0.9827027,0.992563,1.0140558,1.0518935,1.042781,1.0989983,1.2367572,1.0179461,1.029606,1.0325017,1.0439224,1.0953225,0.013506915,0.020144507,0.018855717,0.030658953,0.06471216,-0.006548462,-0.0054782587,-0.0013731048,-0.0023222445,-0.0034218743,0.58763313,0.6779275,0.18560483,0.44463432,0.8528175,-0.0048492593,-0.0049537728,-0.019457178,-0.0102498755,0.0056228586,1.0376838,1.0795354,1.0795354,1.1241676,1.2755175,0.9827027,0.9827027,0.9827027,0.9827027,0.9827027,1.0285417,1.0449404,1.0492966,1.0628866,1.1611105,1.00729,1.0130671,1.018749,1.0199224,1.0332348,0.2,0.1,0.075,0.05,0.025,0.3146044,0.1786312,0.1786312,0.12227302,0.05907262,0.8,0.3,0.65,0.033333335,0.016666668,1.0,1.0,1.0,1.0,1.0,-0.2,-0.7,-0.35,-0.96666664,-0.98333335,-0.5989882,-0.555125,-0.12337809,0.2103685,0.39012516,-0.64718235,-0.033138815,0.28960043,0.23903757,0.1242515,0.4,0.3,0.35,0.33333334,0.4,0.6,0.7,0.65,0.6666667,0.6,-0.2,-0.4,-0.3,-0.33333334,-0.2,0.39586988,0.32927084,0.4404819,0.40979242,0.38281488,0.60413015,0.67072916,0.5595181,0.5902076,0.6171851,-0.20826025,-0.34145835,-0.11903622,-0.18041515,-0.23437025,0.90060574,0.8927584,0.7014533,0.71763957,0.78714937,0.078926735,0.18064246,0.27104005,0.25675085,0.23651354,0.46701935,0.43698663,0.6369767,0.7373499,0.8356694,0.37211972,0.5099478,0.5858983,0.5234209,0.49564642,0.6278803,0.4900522,0.41410172,0.47657916,0.5043536,-0.25576055,0.019895606,0.17179658,0.046841696,-0.008707146
SZ000786,-0.0038391450660713016,0.5,,2026-04-24,0.006053289,0.017352682,0.34883884,0.0048425966,0.27906907,0.006456795,0.3720921,0.007667488,0.44186187,0.99398315,1.0048134,0.98756516,0.9962099,1.0296947,1.028484,1.0100216,1.0509483,1.0698143,1.0135727,1.0199488,1.02899,1.0298381,1.077303,0.0143284,0.01181158,0.016130017,0.01970021,0.054565955,-0.008666254,-0.0028415697,-0.0015454529,-0.00080023415,-0.0025237545,0.91455,0.5305326,0.32129937,0.1278775,0.652455,0.0037597676,-0.007161789,-0.014308273,-0.0182347,-0.0028522452,1.042132,1.0429318,1.0702069,1.094283,1.1961626,0.9799649,0.9799649,0.9799649,0.96790665,0.96790665,1.0256053,1.0284033,1.0446866,1.0461392,1.1298896,0.99960315,1.0122141,1.0213478,1.0158864,1.025612,0.4,0.2,0.1,0.1,0.05,0.3222781,0.31818488,0.2220153,0.25395054,0.1406025,0.2,0.5,0.15,0.1,0.38333333,0.8,0.9,0.95,0.23333333,0.6166667,-0.6,-0.4,-0.8,-0.13333334,-0.23333333,0.053185016,0.3483282,0.044501517,0.025674123,0.64388824,-0.7537067,-0.30190322,0.162014,-0.033823732,0.4022156,0.4,0.4,0.45,0.46666667,0.41666666,0.6,0.6,0.55,0.53333336,0.5833333,-0.2,-0.2,-0.1,-0.06666667,-0.16666667,0.06926793,0.22446343,0.47101164,0.4243031,0.46869346,0.9307321,0.7755366,0.52898836,0.5756969,0.5313065,-0.86146414,-0.55107313,-0.0579767,-0.15139374,-0.06261307,1.3769435,1.6342204,1.6189167,1.6632231,2.4392579,0.2969731,0.43106064,0.4219684,0.380903,1.3110679,1.128907,0.982521,1.4037284,1.1614375,1.4557476,0.2796475,0.36561075,0.4459719,0.4171059,0.48624757,0.72035253,0.6343892,0.5540281,0.5828941,0.5137524,-0.44070503,-0.26877847,-0.108056195,-0.16578819,-0.027504843
SH600010,-0.0041300133394135755,0.25,,2026-04-24,-0.007246402,0.02173914,-0.33333436,0.0,0.0,0.014492738,0.6666657,0.0072463364,0.33333132,1.0072993,1.0072993,0.98540145,0.99575377,1.0434405,1.0325804,0.9122502,1.0764552,0.88662034,1.0334492,1.0421373,1.0109253,0.9954243,0.99937737,0.02616006,0.024505304,0.04930755,0.054720003,0.08109054,-0.013814076,-0.005281309,0.005908233,0.0032266763,0.0013568301,0.6971179,0.42576936,0.5025235,0.26947612,0.085390665,-0.0058210357,-0.018371388,-0.067053504,-0.04221108,-0.039403852,1.0655082,1.1201538,1.1201538,1.1201538,1.2443986,0.98540145,0.98540145,0.89765424,0.890442,0.8536939,1.0523024,1.0523024,1.0480452,1.0473502,1.0705473,1.0086881,1.0254561,0.9589053,0.9332754,0.92623806,0.2,0.1,0.35,0.43333334,0.51666665,0.18223831,0.108335964,0.45998186,0.47693667,0.37446722,0.6,0.1,0.55,0.7,0.36666667,1.0,1.0,0.05,0.23333333,0.13333334,-0.4,-0.9,0.5,0.46666667,0.23333333,0.08442603,0.48897982,0.4477626,0.5126035,0.5252472,-0.0683485,0.4151582,0.46476823,0.27802956,0.43573442,0.4,0.4,0.55,0.43333334,0.5,0.6,0.6,0.45,0.56666666,0.5,-0.2,-0.2,0.1,-0.13333334,0.0,0.22826079,0.4266145,0.6056485,0.44202897,0.53658533,0.77173924,0.57338554,0.39435148,0.55797106,0.46341464,-0.5434784,-0.14677101,0.21129707,-0.115942076,0.07317071,1.354708,1.6782639,1.6608194,1.5655594,1.9946427,0.3634766,0.782652,0.65082383,0.5869718,1.0800977,1.323763,1.2509124,1.1446301,1.0191857,1.4627278,0.4905363,0.4368587,0.50320137,0.49108353,0.48601368,0.5094637,0.5631413,0.4967986,0.50891644,0.51398635,-0.018927416,-0.12628256,0.006402767,-0.017832933,-0.027972663
SH601059,-0.005096185243086808,0.25,,2026-04-24,-0.012544861,0.016129011,-0.7777824,0.00059730274,0.037032817,0.002986848,0.1851848,-0.010155316,-0.6296304,1.0127043,1.0133091,0.9969752,1.0027578,1.0203106,1.0179212,0.98566306,1.051374,1.0728794,1.0130227,1.018638,1.0078554,1.014317,1.0404023,0.007549143,0.008209122,0.014354294,0.021505658,0.031170225,-0.003763446,-0.002273634,0.0016048176,-0.0006853497,-0.0014662577,0.621321,0.703168,0.4374775,0.07870833,0.67490184,-0.005495828,-0.00840666,-0.023101224,-0.004379456,0.0028523505,1.0257914,1.0341986,1.0342515,1.0616121,1.086688,0.9969752,0.9969752,0.9789389,0.9771313,0.9771313,1.0175627,1.0232975,1.0206691,1.0317801,1.0713261,1.0105138,1.0155317,0.9936679,0.9936679,1.0082437,0.2,0.1,0.4,0.36666667,0.18333334,0.10496834,0.08126038,0.3807654,0.27069667,0.20873825,0.2,0.3,0.5,0.033333335,0.23333333,1.0,1.0,0.1,0.23333333,0.6166667,-0.8,-0.7,0.4,-0.2,-0.38333333,0.10142985,0.0016778447,0.20177275,0.36683193,0.6240858,-0.025579538,-0.0142573025,0.58599645,0.20037267,-0.00080415973,0.2,0.4,0.4,0.4,0.4,0.8,0.6,0.6,0.56666666,0.53333336,-0.6,-0.2,-0.2,-0.16666667,-0.13333334,0.09523954,0.33695596,0.5472442,0.4057018,0.4121037,0.9047605,0.66304404,0.45275584,0.59429824,0.5878963,-0.8095209,-0.3260881,0.09448833,-0.18859643,-0.17579259,0.9789427,0.93201274,0.99030775,1.2857101,1.8695211,0.18579017,0.1929733,0.29199693,0.56402194,1.0275457,1.0006964,0.693099,1.1592389,1.7770493,1.5408982,0.6417329,0.34907523,0.47600904,0.4977344,0.48705313,0.35826713,0.65092474,0.5239909,0.50226563,0.51294684,0.28346574,-0.30184954,-0.0479819,-0.0045312177,-0.025893718
SH601857,-0.0051663582609087905,0.5,,2026-04-24,0.018787354,0.026473098,0.7096773,0.006831743,0.2580636,0.000853999,0.032259125,0.012809611,0.4838728,0.9815591,1.0067058,0.9807209,0.9958319,0.9664179,1.0051305,1.0009328,1.0251865,0.838153,0.9748134,0.9816698,1.0025187,1.0053638,0.9733209,0.019040482,0.0191844,0.027677096,0.025216848,0.065886326,0.010494409,-0.0022303255,-0.0035812478,-0.0014758309,0.0023246768,0.7594517,0.123894334,0.58599746,0.26545647,0.37969455,0.004197754,0.028366689,0.0315032,0.016035749,-0.04189885,1.0067058,1.0219092,1.0627629,1.0627629,1.1473215,0.94713306,0.94713306,0.94713306,0.94713306,0.8224836,0.9925373,1.0,1.0242537,1.027612,1.0253731,0.9610074,0.96203357,0.9746269,0.98498136,0.90298504,1.0,0.85,0.425,0.35,0.525,0.8874357,0.70700204,0.45720837,0.45720837,0.5464769,1.0,0.1,0.35,0.56666666,0.4,0.2,0.6,0.8,0.8666667,0.033333335,0.8,-0.5,-0.45,-0.3,0.36666667,0.8615287,0.6567716,0.5941386,0.5871584,0.40594324,0.78125316,0.70208085,0.006618229,0.39672768,0.56615424,0.4,0.3,0.4,0.4,0.5,0.6,0.7,0.6,0.6,0.5,-0.2,-0.4,-0.2,-0.2,0.0,0.8600002,0.47488594,0.49838185,0.4736842,0.56447417,0.13999979,0.52511406,0.50161815,0.5263158,0.43552583,0.72000045,-0.050228104,-0.0032362721,-0.05263162,0.12894835,0.8570156,0.82608765,1.003208,1.2236782,1.6124043,0.30387908,0.21520603,0.32281578,0.49256563,1.0703615,1.5667979,1.1889355,1.1711587,1.2620761,1.8123162,0.62370145,0.5506627,0.46262032,0.45082298,0.5033084,0.37629855,0.4493373,0.5373797,0.549177,0.49669158,0.24740292,0.1013254,-0.07475936,-0.09835402,0.006616802
SZ000596,-0.005297464018275549,0.625,,2026-04-24,0.0035743907,0.035468776,0.100775704,0.020163096,0.5684746,0.0117312865,0.33074972,-0.0048574195,-0.13694918,0.9964383,1.0200913,0.98474884,1.0033237,0.9616391,0.94501525,0.9390055,1.0250326,1.1655116,0.97819513,0.9703121,0.966705,0.9771741,1.0538607,0.021729399,0.018454652,0.019615058,0.028739288,0.09650175,0.010584983,0.004261927,0.000996051,-0.0014769152,-0.004840682,0.5932325,0.4888907,0.090251006,0.20467311,0.76743656,0.00063491846,0.010509214,0.023832493,0.044241175,0.0889394,1.0200913,1.0200913,1.0200913,1.0544292,1.2711016,0.947951,0.9300435,0.92985684,0.92985684,0.92985684,1.0006591,0.980284,0.97731787,1.0006591,1.1553143,0.9607522,0.9607522,0.9507148,0.9570445,0.96314156,0.8,0.9,0.9,0.8,0.4,0.72149706,0.77688193,0.7773436,0.56307197,0.20555092,1.0,1.0,1.0,0.06666667,0.18333334,0.6,0.1,0.05,0.36666667,0.68333334,0.4,0.9,0.95,-0.3,-0.5,0.90867895,0.80455923,0.44435343,0.18446386,0.62662625,0.8948871,0.84963316,0.34475014,0.29039028,0.40655726,0.4,0.5,0.55,0.5,0.45,0.6,0.5,0.45,0.5,0.55,-0.2,0.0,0.1,0.0,-0.1,0.79744416,0.748304,0.5948595,0.47556883,0.43260312,0.20255582,0.25169602,0.40514055,0.52443117,0.5673969,0.5948884,0.496608,0.18971892,-0.048862316,-0.13479377,0.9019469,0.81994677,0.90388066,0.8851042,1.0885304,0.6478639,0.45346543,0.41988617,0.36135173,0.557059,1.9291099,1.9672202,1.2771819,1.1645479,1.8593554,0.55406487,0.5394062,0.4798491,0.5202037,0.49306238,0.44593513,0.4605938,0.5201509,0.4797963,0.5069376,0.10812972,0.078812405,-0.040301774,0.04040744,-0.0138752395
SH600019,-0.005509152237559233,0.625,,2026-04-24,-0.006259778,0.012519556,-0.5,0.0,0.0,0.006259778,0.5,0.0,0.0,1.0062993,1.0062993,0.9937008,1.000555,0.9917242,1.0110345,0.9935632,1.1163218,1.1351725,0.9966897,1.0008736,1.0069885,1.0181303,1.0707127,0.007919533,0.009718087,0.010151835,0.030290894,0.05853098,0.0041839075,-0.0014851972,-0.0011795016,-0.0023297404,-0.003044268,0.6977584,0.21410073,0.47247198,0.45845062,0.82507616,-0.0050574723,0.005809816,0.0042167446,0.015650956,0.019093258,1.0108961,1.0186988,1.0312371,1.1305624,1.171469,0.9823338,0.9823338,0.9823338,0.97761106,0.97761106,1.0009196,1.0064368,1.0144367,1.0245517,1.1222069,0.9927356,0.9942989,1.0,1.0,1.0074483,0.7,0.45,0.225,0.21666667,0.108333334,0.6185147,0.4858032,0.36124796,0.14637956,0.11549158,0.8,0.3,0.15,0.033333335,0.083333336,0.2,0.6,0.8,0.23333333,0.6166667,0.6,-0.3,-0.65,-0.2,-0.53333336,-0.29393014,-0.60701215,-0.33459833,0.5598576,0.61831325,0.41671544,-0.26634175,0.30847323,-0.2599791,-0.0516095,0.6,0.5,0.5,0.43333334,0.48333332,0.4,0.4,0.45,0.53333336,0.5,0.2,0.1,0.05,-0.1,-0.016666668,0.6249992,0.4142855,0.5192308,0.33420718,0.41123182,0.37500075,0.58571446,0.4807692,0.6657928,0.5887682,0.2499985,-0.17142896,0.038461614,-0.33158565,-0.17753634,1.5638669,1.5100476,1.3705664,1.759802,2.3787513,0.32906497,0.31864527,0.3331835,0.87816197,1.4261898,0.50166935,0.78029466,0.7523764,1.5016727,1.2678543,0.13882034,0.48663375,0.47008905,0.447703,0.4940747,0.86117965,0.5133662,0.5299109,0.552297,0.5059253,-0.72235936,-0.0267325,-0.05982188,-0.10459399,-0.011850615
SZ300014,-0.006327664926973916,0.375,,2026-04-24,0.01265645,0.040890176,0.30952302,0.012656513,0.30952454,0.015577213,0.38095245,0.0155771505,0.38095093,0.98750174,1.0124984,0.9721192,0.9940016,0.9593475,0.9487733,0.96141,0.94891536,0.91800743,0.9817363,0.9763386,0.9334195,0.9398933,0.90602416,0.020149633,0.017203862,0.0597226,0.050410476,0.053217832,0.01042318,0.0026226223,0.006198039,0.0010949177,0.0017960956,0.66896933,0.2130252,0.37696344,0.03656142,0.34741163,-0.0025826371,0.011859598,0.0076990887,0.044230387,0.040991012,1.0232114,1.0232114,1.0232114,1.0232114,1.0232114,0.9328421,0.9328421,0.8178869,0.8178869,0.80153835,0.9908831,0.98948264,0.98739624,0.9787157,0.96190625,0.97810894,0.9612187,0.8635674,0.8918882,0.855268,1.0,1.0,1.0,1.0,1.0,0.7431502,0.7431502,0.88695294,0.88695294,0.89529026,0.6,0.8,0.9,0.93333334,0.96666664,0.4,0.7,0.35,0.56666666,0.45,0.2,0.1,0.55,0.36666667,0.51666665,0.64867306,0.6060626,0.4732575,0.4807324,0.64576215,0.9274962,0.6998735,0.37691247,0.48302257,0.4676718,0.6,0.6,0.65,0.56666666,0.55,0.4,0.4,0.35,0.43333334,0.45,0.2,0.2,0.3,0.13333334,0.1,0.7879529,0.6537479,0.53751385,0.53820443,0.53366303,0.21204711,0.3462521,0.46248618,0.46179557,0.46633694,0.5759058,0.3074958,0.07502765,0.07640886,0.067326106,1.0167115,0.9938327,0.98435205,0.99823767,0.8319132,0.21558197,0.16319175,0.24945885,0.2717188,0.31926477,1.3946422,0.95750344,1.1737493,1.2345703,1.321051,0.57452285,0.40171725,0.5053485,0.49757093,0.51321,0.42547718,0.59828275,0.49465147,0.50242907,0.48678997,0.14904566,-0.19656554,0.010697053,-0.0048581315,0.026420042
SZ300803,-0.006414302306701371,0.125,,2026-04-24,-0.026056973,0.032241702,-0.80817616,0.00050693407,0.015722932,0.005677793,0.17610092,-0.020886114,-0.6477982,1.0267541,1.0272746,0.9941703,1.0026461,1.0361894,1.0585037,1.0100844,1.1094978,1.3397939,1.0305679,1.0432556,1.0350772,1.0456444,1.1377592,0.021150896,0.023250118,0.0255272,0.031484738,0.106667005,-0.010756693,-0.006443782,0.0007349409,-0.0015174118,-0.0057421993,0.64660645,0.7041136,0.029011257,0.18001488,0.88388586,-0.009054493,-0.014258598,-0.042059183,-0.023641927,0.031635635,1.0637927,1.0917717,1.1034756,1.1543245,1.3691202,0.9941703,0.9941703,0.9814542,0.9814542,0.9814542,1.0499071,1.0575025,1.0554713,1.0723358,1.2474467,1.0175655,1.0285939,1.0186669,1.0215992,1.0374482,0.2,0.1,0.15,0.1,0.05,0.08373304,0.059729625,0.15198812,0.10728157,0.047839627,0.2,0.3,0.5,0.1,0.05,1.0,1.0,0.35,0.56666666,0.78333336,-0.8,-0.7,0.15,-0.46666667,-0.73333335,0.7712544,0.6784441,0.73180366,0.46357688,0.033767514,0.5829394,0.07067853,0.66960335,0.55082333,0.47339827,0.4,0.4,0.5,0.43333334,0.36666667,0.6,0.6,0.5,0.56666666,0.6333333,-0.2,-0.2,0.0,-0.13333334,-0.26666668,0.32694927,0.32986692,0.4889654,0.41596228,0.34870395,0.67305076,0.6701331,0.5110346,0.5840377,0.651296,-0.3461015,-0.3402662,-0.022069186,-0.16807543,-0.3025921,1.1825072,1.3344548,1.291625,1.29869,1.2463372,0.13503617,0.2231743,0.44686,0.4147519,0.35678285,0.30068418,0.4019728,1.1191878,1.0483863,1.0626516,0.24148946,0.22206387,0.49036413,0.5016833,0.49448246,0.75851053,0.7779361,0.50963587,0.4983167,0.50551754,-0.5170211,-0.55587226,-0.019271707,0.0033665698,-0.011035086
SZ000301,-0.006950862058052195,0.625,,2026-04-24,0.0016090357,0.032180287,0.05000066,0.012872073,0.39999866,0.01769918,0.55000067,0.0064361426,0.20000264,0.99839354,1.0128514,0.9807228,0.99864006,0.97738004,0.9253882,0.8521269,0.94598246,0.9020931,1.0101283,0.9687035,0.92999655,0.91213137,0.9675219,0.017811924,0.049531963,0.05525881,0.056207005,0.0778259,-0.0003038359,0.014615434,0.008569957,0.0045265993,-0.0020610231,0.0007274389,0.798112,0.8418258,0.5026491,0.2139032,-0.009520581,-0.034472987,-0.011411164,0.022232914,0.09327829,1.0482546,1.0482546,1.0482546,1.0482546,1.1808065,0.9686855,0.8850776,0.840987,0.8088441,0.8088441,1.0216069,1.0048615,0.9948683,0.93821734,1.0392977,0.99871707,0.9193787,0.8841998,0.8667116,0.8960162,0.4,0.7,0.85,0.9,0.5833333,0.39355102,0.70428073,0.76718706,0.7984442,0.51391184,0.6,0.8,0.9,0.93333334,0.4,0.2,0.2,0.05,0.26666668,0.6333333,0.4,0.6,0.85,0.6666667,-0.23333333,0.65136904,0.52515113,0.5543701,0.25407654,0.5307767,0.15838392,0.6279194,0.5948585,0.35714757,0.31373748,0.6,0.7,0.7,0.56666666,0.5833333,0.4,0.3,0.3,0.43333334,0.41666666,0.2,0.4,0.4,0.13333334,0.16666667,0.6151207,0.6790926,0.7069945,0.5475059,0.53308994,0.38487932,0.32090744,0.29300553,0.45249406,0.46691006,0.23024137,0.3581851,0.41398892,0.09501189,0.066179864,1.3804415,1.3494081,1.2539874,1.3527517,1.869978,0.25005734,0.52839464,0.43002945,0.43681252,0.8704751,0.6402508,1.1590335,1.1232551,1.0348144,1.3533375,0.1501936,0.4623164,0.48461023,0.44191906,0.48240817,0.84980637,0.5376836,0.5153898,0.5580809,0.51759183,-0.6996128,-0.07536719,-0.030779567,-0.116161875,-0.035183653
SH601698,-0.00698591042669764,0.25,,2026-04-24,-0.05523559,0.065183274,-0.84738904,0.0,0.0,0.009947681,0.15261096,-0.045287907,-0.6947781,1.0584649,1.0584649,0.9894707,1.0074784,0.9415638,0.9034293,0.88861454,1.0128944,0.99314123,1.0392867,0.98641974,0.94060355,0.9325743,0.98806125,0.023919813,0.058858704,0.06328842,0.056791004,0.07466388,-0.0070507517,0.016023614,0.008892192,0.0033043271,-0.0026111885,0.21721773,0.6793772,0.69093484,0.26236668,0.3730398,-0.025185186,-0.058526002,-0.025079362,0.019512972,0.08896881,1.0944563,1.0944563,1.0944563,1.0944563,1.1775088,0.939247,0.8925983,0.8586805,0.8513538,0.8513538,1.0577778,1.0472977,1.007133,0.9559945,1.053882,1.0285323,0.93936896,0.8984362,0.8854869,0.9077092,0.2,0.6,0.8,0.8666667,0.51666665,0.39142635,0.5320657,0.59938097,0.6114549,0.4557532,0.8,0.9,0.95,0.96666664,0.033333335,0.2,0.1,0.35,0.26666668,0.6333333,0.6,0.8,0.6,0.7,-0.6,0.8031481,0.9207197,0.932168,0.8779356,0.85841197,0.95449245,0.90476114,0.91210467,0.71043086,0.6587127,0.6,0.7,0.55,0.5,0.55,0.4,0.3,0.45,0.5,0.45,0.2,0.4,0.1,0.0,0.1,0.64529335,0.6986456,0.6380952,0.48987508,0.50219184,0.35470667,0.30135438,0.36190483,0.5101249,0.49780816,0.29058668,0.3972912,0.27619037,-0.02024987,0.004383693,1.3714088,0.9547307,0.6872834,0.618132,0.8199492,0.3405522,0.51395243,0.45783743,0.3870903,0.48691392,0.93119854,1.4283679,1.6779435,1.5590904,1.6460991,0.5973884,0.5790374,0.5488602,0.53821945,0.49760807,0.4026116,0.4209626,0.45113984,0.46178058,0.50239193,0.19477676,0.15807481,0.097720325,0.07643885,-0.004783863
SZ002142,-0.0073914523634456206,0.375,,2026-04-24,0.0071718236,0.01715003,0.4181814,0.00062366296,0.03636512,0.009354544,0.5454535,0.015902705,0.92726976,0.9928793,1.0006192,0.9835913,0.9944027,0.96409744,0.93648005,0.9417525,0.9740146,0.8940497,0.99761486,0.9798393,0.9590133,0.95373255,0.9610093,0.0066574276,0.020846723,0.026149962,0.024184056,0.026309956,-0.0019332191,0.0057730176,0.003860391,0.0017175045,5.571735e-05,0.21080905,0.70297784,0.762761,0.39087617,0.0013678564,0.0062515787,-0.005817899,0.0043129767,0.021363648,0.03734704,1.0182499,1.0182499,1.0182499,1.0182499,1.0191181,0.9596809,0.92748755,0.92317545,0.9071229,0.8881805,1.0034397,1.0006778,0.9900326,0.97034895,0.9892041,0.9910118,0.96266633,0.93567663,0.93447155,0.9377354,0.6,0.8,0.9,0.93333334,0.9166667,0.6884039,0.79892683,0.8080465,0.83577466,0.85399103,0.4,0.7,0.85,0.9,0.2,0.2,0.1,0.1,0.23333333,0.016666668,0.2,0.6,0.75,0.6666667,0.18333334,0.91910547,0.85414684,0.78982884,0.3707868,0.06474284,0.93509287,0.8944024,0.7026273,0.1508819,0.23347352,0.6,0.6,0.6,0.53333336,0.48333332,0.4,0.4,0.4,0.46666667,0.5,0.2,0.2,0.2,0.06666667,-0.016666668,0.7814957,0.77680516,0.6483375,0.54195374,0.5771199,0.2185043,0.22319485,0.35166252,0.4580463,0.4228801,0.5629914,0.5536103,0.29667497,0.083907455,0.15423977,0.83275074,0.68488747,0.5920271,0.62303966,0.7946933,0.17502823,0.2106752,0.19010186,0.21332218,0.3883955,1.350782,1.2608893,1.2358041,1.214294,1.41908,0.7308732,0.631297,0.6050563,0.55000645,0.48789334,0.26912674,0.368703,0.39494374,0.44999358,0.51210666,0.46174648,0.26259398,0.21011253,0.10001286,-0.024213288
SH600009,-0.007402917981568001,0.5,,2026-04-24,-0.0066127824,0.0077148993,-0.85714436,0.0,0.0,0.0011021168,0.14285563,-0.0055106655,-0.7142888,1.0066568,1.0066568,0.9988905,1.0009357,1.0077721,1.0214319,1.0202544,1.086081,1.181936,1.0098681,1.0110928,1.0190414,1.0315866,1.0798693,0.006608296,0.005181277,0.010277769,0.026526975,0.055539288,-0.004027313,-0.00092921255,-0.0013162312,-0.0023995629,-0.0030379933,0.9285211,0.2948275,0.57403016,0.6341479,0.912584,-0.001813491,-0.0069113346,-0.006537249,0.0032070728,0.009751514,1.0225354,1.0255108,1.0457684,1.10165,1.1940625,0.9988905,0.9988905,0.9988905,0.9988905,0.9988905,1.0142487,1.0148139,1.0256712,1.0437589,1.1399906,1.0052756,1.0075365,1.0118935,1.0131418,1.0195949,0.2,0.1,0.05,0.033333335,0.016666668,0.04692153,0.041677132,0.0236669,0.010796608,0.0056844926,0.4,0.3,0.4,0.1,0.016666668,1.0,1.0,1.0,1.0,1.0,-0.6,-0.7,-0.6,-0.9,-0.98333335,-0.6112245,-0.25749528,0.039281394,0.13577493,0.6483848,-0.3096557,-0.34811246,0.3919899,-0.067337915,-0.2158419,0.2,0.3,0.35,0.36666667,0.36666667,0.8,0.7,0.65,0.6333333,0.6333333,-0.6,-0.4,-0.3,-0.26666668,-0.26666668,0.3472215,0.30638242,0.43019482,0.3419801,0.32698774,0.6527785,0.6936176,0.5698052,0.6580199,0.67301226,-0.305557,-0.3872352,-0.13961037,-0.3160398,-0.34602454,0.7930638,0.87011504,0.8547532,0.95045036,1.368048,0.18657388,0.21540706,0.23203145,0.35242343,0.7869481,0.67167,0.76799566,0.9608428,1.7914797,1.3844044,0.6206302,0.43290776,0.52308726,0.5168116,0.4869328,0.3793698,0.56709224,0.47691274,0.48318842,0.5130672,0.24126044,-0.13418451,0.0461745,0.03362317,-0.026134362
SH600018,-0.007985600824376635,0.375,,2026-04-24,-0.0020365973,0.008146716,-0.24998997,0.0020367063,0.25000334,0.0040734126,0.5000067,1.0890895e-07,1.3368448e-05,1.0020407,1.0040816,0.9959183,1.0001286,1.0072463,1.0205314,1.0458937,1.0640095,1.0591787,1.0021739,1.0094203,1.019686,1.0290257,1.0315015,0.0036632072,0.008797924,0.013265352,0.019118203,0.016533086,1.091312e-08,-0.0025325695,-0.002086737,-0.0019595027,-0.00024144459,2.2187837e-11,0.75958043,0.86609584,0.8141405,0.06504695,-0.0021739155,0.0019763026,0.00013804785,-0.0006129318,-0.02437894,1.0092895,1.0234091,1.0521127,1.068183,1.0714235,0.9959183,0.9959183,0.9959183,0.9959183,0.9959183,1.005314,1.0193236,1.0326086,1.0471014,1.0461352,0.9997584,1.0,1.0067632,1.0101448,1.0188406,0.5,0.25,0.125,0.083333336,0.041666668,0.30526266,0.14847602,0.07263582,0.05648296,0.05405882,0.4,0.1,0.15,0.033333335,0.38333333,1.0,1.0,1.0,1.0,1.0,-0.6,-0.9,-0.85,-0.96666664,-0.6166667,-0.3058758,-0.29227883,0.24781434,0.30772156,0.16852975,-0.6061225,-0.608248,-0.29295874,-0.45761296,-0.23631725,0.4,0.3,0.3,0.3,0.43333334,0.6,0.7,0.65,0.6666667,0.53333336,-0.2,-0.4,-0.35,-0.36666667,-0.1,0.3928576,0.29268277,0.3272726,0.36683428,0.4389028,0.6071424,0.70731723,0.6727274,0.6331657,0.5610972,-0.21428479,-0.41463447,-0.3454548,-0.26633143,-0.122194394,1.4781643,1.4848381,1.6229545,1.7943528,2.5683992,0.7672308,0.67985386,0.58810663,0.62098837,1.5521613,0.7302785,1.0471095,0.8315287,1.3133296,1.2166411,0.08963804,0.467382,0.46914038,0.4298196,0.49682662,0.91036195,0.532618,0.5308596,0.5701804,0.5031734,-0.8207239,-0.065235995,-0.061719213,-0.14036077,-0.006346771
SZ002074,-0.00833822739357107,0.5,,2026-04-24,0.009364661,0.02809414,0.33333147,0.008858527,0.3153158,0.009870952,0.3513527,0.010377087,0.36936837,0.99072224,1.0087763,0.98094285,0.99649173,1.0087517,0.97313964,0.9257486,0.97743285,1.0150265,1.0062088,0.9999615,0.9482415,0.94583887,0.94747543,0.00936355,0.013190455,0.061005726,0.05051353,0.041589644,-0.0023062692,0.002013861,0.0078103533,0.0024647727,2.3674742e-05,0.15166277,0.21367358,0.57367796,0.18451858,9.8832534e-05,-0.0015962052,-0.009023875,-0.022439798,0.018421933,0.051826157,1.0403457,1.0403457,1.0403457,1.0403457,1.0556284,0.98094285,0.9654024,0.8387519,0.8387519,0.8387519,1.01583,1.0101057,1.0010898,0.99797446,0.9804382,0.99939454,0.9956737,0.88408196,0.8995927,0.92306256,0.4,0.5,0.75,0.8333333,0.8833333,0.3208122,0.46165028,0.7998665,0.7998665,0.7435017,0.6,0.8,0.9,0.93333334,0.05,1.0,0.1,0.3,0.53333336,0.76666665,-0.4,0.7,0.6,0.4,-0.71666664,0.9853166,-0.12865621,0.8500064,0.79997206,0.71312803,0.949805,0.6404037,0.7663711,0.7273287,0.6206457,0.4,0.6,0.6,0.53333336,0.46666667,0.6,0.4,0.4,0.46666667,0.53333336,-0.2,0.2,0.2,0.06666667,-0.06666667,0.40478995,0.5947203,0.5910134,0.5221574,0.4921448,0.59521,0.40527967,0.40898663,0.47784263,0.50785524,-0.19042008,0.18944064,0.18202671,0.044314727,-0.015710426,1.1233771,1.3801744,1.0508273,0.9634527,0.8424221,0.18434149,0.44110397,0.54375273,0.46926114,0.40514514,0.854742,0.748777,1.5615034,1.6866878,1.5616655,0.35436025,0.36441323,0.5213255,0.51408803,0.5076461,0.6456398,0.63558674,0.47867444,0.48591197,0.49235392,-0.2912795,-0.27117354,0.0426511,0.028176064,0.015292154
SZ300251,-0.009041724411177668,0.25,,2026-04-24,-0.018954305,0.02810463,-0.6744193,0.0,0.0,0.009150324,0.3255807,-0.00980398,-0.34883863,1.0193205,1.0193205,0.9906729,0.9993447,1.1105791,1.0772631,0.9866687,1.1125925,1.1272496,1.057288,1.0764062,1.0476922,1.0473603,1.1783278,0.053677842,0.045294877,0.049979188,0.048709944,0.19126366,-0.030978875,-0.009677836,0.0039231726,0.000665475,-0.006733003,0.8326859,0.41847524,0.21565746,0.01446538,0.37796584,0.0046696556,-0.032855947,-0.084962346,-0.057009745,0.020295832,1.1472316,1.1472316,1.1472316,1.1472316,1.9906441,0.9906729,0.9906729,0.96267873,0.96267873,0.96267873,1.1083205,1.1131129,1.0891312,1.093138,1.3041811,1.0181091,1.0333015,1.0021212,1.0010606,1.0262405,0.2,0.1,0.2,0.2,0.1,0.059575826,0.059575826,0.2022254,0.2022254,0.036305964,0.4,0.7,0.85,0.9,0.25,1.0,1.0,0.3,0.53333336,0.76666665,-0.6,-0.3,0.55,0.36666667,-0.51666665,0.48035374,0.5340573,0.77381796,0.6100457,0.84071463,0.027089069,0.25081584,0.46356267,0.35391736,0.47874427,0.2,0.5,0.65,0.56666666,0.53333336,0.8,0.5,0.35,0.43333334,0.46666667,-0.6,0.0,0.3,0.13333334,0.06666667,0.12616192,0.38020548,0.5123515,0.4277203,0.47720215,0.87383807,0.6197945,0.48764846,0.5722797,0.5227979,-0.74767613,-0.23958904,0.024703057,-0.14455937,-0.04559571,1.5046766,1.710751,1.4446884,1.2779639,1.9771941,0.53305215,0.5473775,0.64381164,0.5806645,1.5107888,1.3823531,1.050098,1.1680346,1.1902874,2.0114193,0.32361084,0.42153424,0.51427025,0.49345592,0.50612694,0.67638916,0.57846576,0.48572975,0.5065441,0.49387306,-0.35277832,-0.1569315,0.028540472,-0.013088175,0.012253902
SZ002463,-0.011035397968375982,0.75,,2026-04-24,-0.033968717,0.07567471,-0.44887802,0.017550524,0.23192059,0.024155475,0.31920138,-0.027363766,-0.3615972,1.0351632,1.0533308,0.97499514,1.0055218,0.9539028,0.86267304,0.7717447,0.7456662,0.7228135,0.9964666,0.9583346,0.87101215,0.8529973,0.7851971,0.032341123,0.05168878,0.10090877,0.0877358,0.09763626,0.01519791,0.015154706,0.016095469,0.0069924705,0.0046235905,0.5520743,0.78797764,0.8904664,0.49227667,0.68396884,-0.026862424,-0.0265308,-0.023919089,0.045611866,0.07840702,1.0672108,1.0672108,1.0672108,1.0672108,1.0672108,0.9362293,0.84400535,0.73579603,0.73579603,0.63469684,1.0152311,1.0017365,0.9607767,0.95296216,0.8471163,0.9714493,0.9189002,0.76810277,0.77426517,0.6997257,0.6,0.8,0.9,0.93333334,0.96666664,0.48686817,0.6988837,0.7972003,0.7972003,0.8446043,0.8,0.9,0.95,0.96666664,0.98333335,0.4,0.1,0.35,0.56666666,0.18333334,0.4,0.8,0.6,0.4,0.8,0.6476352,-0.04390159,0.6279323,0.32193622,0.5345747,0.48181975,0.10091842,0.3457354,0.41925463,0.30082947,0.8,0.8,0.75,0.7,0.5833333,0.2,0.2,0.25,0.3,0.41666666,0.6,0.6,0.5,0.4,0.16666667,0.6787467,0.7192644,0.7059015,0.64802074,0.5973157,0.32125327,0.2807356,0.2940985,0.35197926,0.4026843,0.35749343,0.43852875,0.41180304,0.29604146,0.19463143,0.8907364,0.9529329,0.84303355,0.96362877,0.85982454,0.13348584,0.2005652,0.23630676,0.32389316,0.3154724,0.6354834,0.90042144,0.99509585,0.8631233,1.0631056,0.5018573,0.5127211,0.51280415,0.52124053,0.5068662,0.49814272,0.4872789,0.48719588,0.47875944,0.49313378,0.003714568,0.025442185,0.025608253,0.042481113,0.013732461
SZ002304,-0.011158514635262821,0.25,,2026-04-24,-0.00060122536,0.014829671,-0.04054206,0.011022022,0.74324113,0.0032064244,0.21621682,-0.008416822,-0.56756634,1.0006015,1.0116303,0.99679166,1.0033426,0.997378,1.0080248,1.0001986,1.0230415,1.2668839,0.9985857,1.0029557,1.0099356,1.0110586,1.0513964,0.004793333,0.0070022503,0.012247784,0.014740675,0.061166894,0.0002820673,-0.0014749409,-0.0015211448,-0.0007867477,-0.00287406,0.00865706,0.4067105,0.53987604,0.22076893,0.6733776,0.0008501487,0.0036815887,0.004515242,0.0003492696,0.033388395,1.0126023,1.020249,1.0465045,1.0493289,1.2949722,0.98977894,0.98977894,0.98977894,0.9745089,0.9745089,1.0019069,1.010607,1.0176784,1.0250279,1.1036469,0.9959399,0.9973383,0.9995948,0.9995948,1.0046401,0.6,0.4,0.25,0.23333333,0.11666667,0.4478324,0.33544567,0.18018433,0.3406994,0.07954464,0.8,0.3,0.25,0.1,0.016666668,0.6,0.8,0.9,0.23333333,0.6166667,0.2,-0.5,-0.65,-0.13333334,-0.6,0.56999457,0.15040247,0.40832764,0.3191239,0.6357486,0.6578074,0.50826705,0.27589032,0.008622278,-0.06588462,0.4,0.4,0.5,0.46666667,0.41666666,0.6,0.6,0.5,0.53333336,0.5833333,-0.2,-0.2,0.0,-0.06666667,-0.16666667,0.5434218,0.42946926,0.49948582,0.46120918,0.3522737,0.45657822,0.5705307,0.50051415,0.5387908,0.6477263,0.08684357,-0.14106147,-0.0010283501,-0.07758165,-0.29545256,0.9355077,0.89362496,0.94976074,1.0349281,1.7706028,0.33647555,0.26631507,0.23433556,0.31730863,1.7251064,1.0331286,0.9770137,0.7244798,0.93777823,3.2279923,0.5102712,0.53842294,0.49039447,0.48134407,0.49592724,0.4897288,0.4615771,0.5096055,0.5186559,0.5040728,0.020542411,0.07684585,-0.019211056,-0.037311826,-0.008145541
SH600030,-0.011858536236565154,0.25,,2026-04-24,-0.0053090663,0.012514235,-0.42424217,0.0003791332,0.030296156,0.0068260357,0.5454617,0.0011378365,0.09092337,1.0053374,1.0057186,0.99313754,0.99691296,1.0010914,0.98742026,0.91992646,0.9885116,1.0542248,1.0066172,1.0021942,0.96560967,0.96331394,1.0026021,0.007409527,0.0074694534,0.04092036,0.036592487,0.051247366,0.00016083894,0.0015714681,0.006169136,0.001847203,-0.0020494265,0.0011779898,0.40573728,0.7954959,0.19749089,0.4877771,-0.00693892,-0.009265827,-0.024216495,0.0099016065,0.057856027,1.0297033,1.0297033,1.0297033,1.0297033,1.0791011,0.99313754,0.9717834,0.90616626,0.90616626,0.90616626,1.0112815,1.0043426,1.0026423,1.0002183,1.0544431,1.0021138,0.9976908,0.9196967,0.9205238,0.9413406,0.2,0.4,0.7,0.8,0.5,0.18767507,0.48716637,0.75956,0.75956,0.54259586,0.6,0.8,0.9,0.93333334,0.13333334,1.0,0.1,0.35,0.56666666,0.78333336,-0.4,0.7,0.55,0.36666667,-0.65,0.91460943,0.17445964,0.47384286,0.32686263,0.25059906,0.91213006,0.63347536,0.87644786,0.5625973,0.4526196,0.4,0.5,0.45,0.43333334,0.41666666,0.4,0.4,0.5,0.53333336,0.56666666,0.0,0.1,-0.05,-0.1,-0.15,0.4846038,0.5943155,0.6682763,0.5154992,0.456142,0.51539624,0.40568444,0.3317237,0.48450083,0.543858,-0.030792437,0.1886311,0.3365526,0.03099833,-0.08771601,1.1401472,1.2611177,1.2560177,1.2422097,1.2623273,0.411797,0.41168642,0.7588236,0.6629371,0.5933437,1.1536195,0.9097166,2.5245466,2.2853518,2.2246008,0.49592906,0.23463212,0.49587515,0.50371844,0.49301898,0.50407094,0.76536787,0.5041249,0.49628153,0.506981,-0.00814187,-0.5307358,-0.008249724,0.007436921,-0.013962031
SZ300059,-0.012199090728644798,0.375,,2026-04-24,-0.0075566364,0.015113341,-0.49999774,0.0,0.0,0.007556705,0.50000226,6.848129e-08,4.5311813e-06,1.0076141,1.0076141,0.99238575,0.99859685,1.0122079,0.9980656,0.9657385,1.0788832,1.177371,1.0127907,1.0120448,0.9864671,1.0033311,1.067068,0.009118776,0.0071517425,0.030341407,0.04288401,0.07527041,-0.0038068385,-0.00025382795,0.003990241,-0.0015508621,-0.003832055,0.43570828,0.011546932,0.6053336,0.101357825,0.79052347,-0.005177025,-0.0109026125,-0.024374437,0.019156422,0.04597761,1.0335032,1.0335032,1.0335032,1.1147429,1.1985849,0.99238575,0.9849353,0.9268477,0.9268477,0.9268477,1.0190837,1.0177631,1.01241,1.0215092,1.1469673,1.0077128,1.0082349,0.95654505,0.9652338,0.9984673,0.2,0.1,0.55,0.46666667,0.23333333,0.18518263,0.3101785,0.6858745,0.38932514,0.26920244,0.6,0.8,0.9,0.1,0.05,1.0,0.1,0.35,0.56666666,0.78333336,-0.4,0.7,0.55,-0.46666667,-0.73333335,0.7385454,0.44898432,0.55524606,0.2601992,0.111191995,0.8678612,0.352707,0.8081971,0.40376976,0.3736357,0.4,0.5,0.45,0.43333334,0.43333334,0.6,0.5,0.55,0.56666666,0.55,-0.2,0.0,-0.1,-0.13333334,-0.11666667,0.37199318,0.5102727,0.55946034,0.41731763,0.38925198,0.6280068,0.48972735,0.44053966,0.5826824,0.61074805,-0.25601366,0.020545315,0.11892067,-0.16536476,-0.22149606,1.2154372,1.3301696,1.3179036,1.3751676,1.341459,0.25296006,0.29012626,0.6073942,0.60457855,0.51165426,0.5588414,0.57634646,1.5293117,1.4065565,1.4464577,0.42682192,0.19003545,0.47029757,0.50449383,0.49430412,0.57317805,0.80996454,0.5297024,0.49550617,0.5056959,-0.14635615,-0.61992913,-0.059404824,0.00898768,-0.011391788
SH600016,-0.012739370975282218,0.375,,2026-04-24,0.005361935,0.008042903,0.6666667,0.0,0.0,0.0026809676,0.33333334,0.008042903,1.0,0.99466664,1.0,0.992,0.9972271,0.98931843,0.99200696,1.0239791,1.0640168,1.0026885,0.9962505,0.9935983,0.9981398,1.0090733,1.0195599,0.004046271,0.004381761,0.011216939,0.020947305,0.024055313,0.0021363192,0.0011260674,-0.0010524803,-0.001924049,-0.0005256491,0.69688696,0.60540056,0.3081394,0.6538492,0.14563629,-0.00052316027,0.0013344003,0.011858768,0.018825427,-0.004053241,1.0053113,1.0053113,1.0320152,1.0720242,1.072039,0.9866518,0.98403573,0.98134726,0.98134726,0.98134726,0.9978491,0.9973114,1.0037494,1.0272053,1.0453422,0.9957128,0.98931843,0.98931843,0.99200696,0.99469554,1.0,1.0,0.725,0.51666665,0.325,0.71535754,0.75035745,0.36813676,0.20570539,0.20567183,0.6,0.8,0.15,0.033333335,0.25,0.2,0.1,0.35,0.56666666,0.78333336,0.4,0.7,-0.2,-0.53333336,-0.53333336,0.55252105,0.76750064,0.3141993,0.4902687,0.47342348,0.5926333,0.6645484,-0.09967359,-0.25719082,0.06348198,0.4,0.4,0.35,0.3,0.36666667,0.0,0.3,0.5,0.6,0.5,0.4,0.1,-0.15,-0.3,-0.13333334,1.0,0.6361396,0.3953045,0.36655557,0.49724418,0.0,0.3638604,0.6046955,0.6334444,0.5027558,1.0,0.2722792,-0.209391,-0.26688886,-0.0055116345,1.0284903,0.89496315,1.0315156,1.1780282,1.5597278,0.29462776,0.25353962,0.3264165,0.3941822,0.5982607,1.6579105,1.0283276,1.0990208,1.2141641,1.1093134,0.55514014,0.5582899,0.5073843,0.44093743,0.48524493,0.44485983,0.44171008,0.49261573,0.5590626,0.5147551,0.11028031,0.116579816,0.014768551,-0.11812515,-0.029510153
SH600415,-0.013593306308330099,0.375,,2026-04-24,-0.018518483,0.029629605,-0.62499934,0.0074074385,0.25000125,0.0037036818,0.12499937,-0.022222241,-0.75000125,1.0188679,1.0264151,0.99622643,1.0062304,0.91848326,0.9886792,0.98716515,1.0626258,1.2641467,0.967992,0.94716203,0.9686707,0.98507243,1.067764,0.04387169,0.036814783,0.03547986,0.041526467,0.10309219,0.023095848,0.008782315,-0.002102787,-0.0031454258,-0.0055519356,0.69284993,0.52165693,0.122940466,0.4446422,0.8845801,-0.01418371,0.013317532,0.05130573,0.060536217,0.09601805,1.0407386,1.0407386,1.0407386,1.0792338,1.3343296,0.91470194,0.9094267,0.9094267,0.9094267,0.9094267,1.0057327,0.95712537,0.99576074,1.0232403,1.1531924,0.9326669,0.92527914,0.9317723,0.9340261,0.97991496,0.8,0.9,0.85,0.6666667,0.33333334,0.6767717,0.6897569,0.6897569,0.53338933,0.21316233,0.8,0.9,0.95,0.1,0.016666668,0.2,0.5,0.75,0.8333333,0.9166667,0.6,0.4,0.2,-0.73333335,-0.9,0.945161,0.8640779,0.0630505,-0.17640102,0.16444644,0.9709875,0.8064055,0.7490411,0.61587095,0.41381133,0.6,0.4,0.45,0.4,0.35,0.4,0.6,0.55,0.6,0.6166667,0.2,-0.2,-0.1,-0.2,-0.26666668,0.79046124,0.5249205,0.5152681,0.44958168,0.3806236,0.20953874,0.47507948,0.48473188,0.5504183,0.6193764,0.5809225,0.04984106,0.030536208,-0.10083661,-0.2387528,0.82466495,0.66452265,0.49305835,0.41098014,0.39173087,0.6326329,0.47078857,0.40371066,0.3488252,0.26619276,1.6636882,1.8667765,2.074617,2.2441304,2.2590895,0.60440755,0.53472424,0.59173435,0.5809222,0.53479004,0.39559245,0.4652758,0.40826565,0.41907784,0.46521,0.20881511,0.06944843,0.1834687,0.16184434,0.06958005
SH688012,-0.014082853767660225,0.375,,2026-04-24,0.020126127,0.057728708,0.3486329,0.013943252,0.24153066,0.023659328,0.40983644,0.029842203,0.5169387,0.9802709,1.0136682,0.9570784,0.98902714,0.9710043,1.0019372,0.9462518,0.97512454,1.1287129,0.97770745,0.9817601,0.96889186,0.9661491,1.0184819,0.017479395,0.014865816,0.029066557,0.027286181,0.063664936,0.0079915095,-0.0006772124,0.0022891616,0.0008614275,-0.0029018288,0.52257043,0.019023206,0.21708694,0.077242024,0.6336404,0.006309554,0.02128738,0.009361105,0.021360198,0.067122065,1.0136682,1.0349046,1.0349046,1.0349046,1.1633986,0.9397173,0.9397173,0.903983,0.903983,0.903983,0.99161184,0.9925466,0.99126136,0.99093544,1.0806777,0.9667057,0.9707214,0.9469713,0.94601196,0.96788025,1.0,0.9,0.9,0.93333334,0.5,0.8151723,0.63330585,0.7333929,0.7333929,0.37012804,1.0,0.3,0.65,0.76666665,0.31666666,0.2,0.6,0.3,0.53333336,0.76666665,0.8,-0.3,0.35,0.23333333,-0.45,0.9954773,0.62073636,0.78535634,0.63079244,0.42681703,0.9720068,0.73254174,0.7239475,0.6333475,0.4332005,0.4,0.3,0.45,0.43333334,0.41666666,0.6,0.7,0.55,0.56666666,0.5833333,-0.2,-0.4,-0.1,-0.13333334,-0.16666667,0.65902156,0.49433967,0.5644067,0.5197192,0.45269415,0.3409784,0.50566036,0.43559328,0.48028082,0.5473059,0.31804314,-0.011320661,0.12881343,0.039438367,-0.09461173,0.7567117,0.7274773,0.6277279,0.5765386,0.6074044,0.18191494,0.14752789,0.19332193,0.18104282,0.19262153,0.83351004,0.721228,1.1116458,1.0320263,0.98128015,0.58947027,0.6327511,0.5977756,0.56325036,0.50519794,0.41052973,0.3672489,0.40222442,0.4367496,0.49480206,0.17894055,0.2655022,0.19555114,0.12650076,0.010395882
SH603392,-0.014083059180798007,0.375,,2026-04-24,0.00568475,0.020155013,0.2820514,0.004134422,0.20513122,0.010335841,0.5128174,0.011886169,0.5897376,0.9943474,1.004111,0.98406994,0.9956458,1.0190257,1.0040897,1.0040897,1.0236486,1.1389581,1.0074502,1.0069879,1.0115266,1.0181366,1.0399138,0.019892065,0.015696052,0.0168884,0.018707134,0.04493474,-0.009761745,-0.00016165465,-0.0011539569,-0.0013276174,-0.0019138916,0.6020537,0.00097231497,0.1634068,0.39033103,0.55331194,0.012073259,-0.006260509,-0.0005639476,0.0011138492,0.016545998,1.0477837,1.0477837,1.0477837,1.0688615,1.2070698,0.98406994,0.97942424,0.97942424,0.97942424,0.9725373,1.0120733,1.0136914,1.0266715,1.0360954,1.0697546,0.99815077,0.99815077,0.9958037,1.0,1.0040897,0.5,0.35,0.325,0.21666667,0.15833333,0.25002515,0.30099377,0.30099377,0.23005824,0.117095575,0.2,0.6,0.8,0.1,0.05,1.0,0.2,0.6,0.73333335,0.4,-0.8,0.4,0.2,-0.6333333,-0.35,0.5510794,0.5765807,0.42026836,0.32691953,0.5786141,-0.36756408,0.009887269,0.26184598,0.18382041,0.32981744,0.4,0.5,0.55,0.5,0.48333332,0.6,0.5,0.45,0.5,0.51666665,-0.2,0.0,0.1,0.0,-0.033333335,0.3856834,0.48504525,0.49370196,0.4733253,0.42519385,0.6143166,0.51495475,0.506298,0.5266747,0.57480615,-0.2286332,-0.029909495,-0.012596053,-0.053349353,-0.14961232,1.4380829,1.4441594,1.410417,1.4068911,1.5782815,0.64922446,0.50586736,0.40183505,0.36409432,0.8970633,1.1406026,1.1003793,0.8810469,0.8820906,1.7731229,0.27107102,0.45784757,0.49133757,0.50435984,0.48666543,0.728929,0.5421524,0.5086624,0.49564013,0.5133346,-0.45785794,-0.08430484,-0.017324837,0.008719725,-0.02666917
SZ002027,-0.014171779931576721,0.25,,2026-04-24,-0.01129031,0.017741915,-0.6363636,0.0016129013,0.09090909,0.004838704,0.27272728,-0.008064507,-0.45454547,1.0114192,1.0130506,0.99510604,0.999603,1.0130242,1.0554514,1.047262,1.1093241,1.2055254,1.0146818,1.0182635,1.03482,1.0521921,1.1085546,0.00957928,0.008888219,0.02134846,0.035585996,0.07008715,-0.003108049,-0.0015230804,-0.0029640466,-0.003555494,-0.0038017798,0.26317823,0.26917064,0.6746911,0.7736478,0.89742243,-0.008465708,-0.011409606,-0.006661517,-0.0006374417,0.003597961,1.037527,1.0505912,1.0848216,1.1451734,1.2316595,0.99510604,0.9950801,0.9950801,0.9950801,0.9950801,1.0218648,1.0263839,1.055787,1.078303,1.1925013,1.0091565,1.0127084,1.0159645,1.0238185,1.0319883,0.2,0.1,0.05,0.033333335,0.016666668,0.115366645,0.08862913,0.054823108,0.032779,0.020796007,0.6,0.1,0.2,0.1,0.033333335,1.0,0.5,0.75,0.8333333,0.9166667,-0.4,-0.4,-0.55,-0.73333335,-0.8833333,0.41386202,-0.16603065,-0.4885412,-0.22389199,0.37648132,0.4472613,-0.47258258,-0.011217043,-0.120363854,0.07307712,0.2,0.2,0.4,0.36666667,0.33333334,0.8,0.7,0.55,0.6,0.6,-0.6,-0.5,-0.15,-0.23333333,-0.26666668,0.33333275,0.24220161,0.41223884,0.37633926,0.37495497,0.6666673,0.7577984,0.58776116,0.62366074,0.625045,-0.3333345,-0.51559675,-0.17552236,-0.24732152,-0.25009006,0.98780537,1.0589644,0.9057221,0.90237,1.0439869,0.12597893,0.22617069,0.24820377,0.22428049,0.42044774,0.85042423,1.3176591,1.0719012,0.97131085,1.0974305,0.32615426,0.51272815,0.50366265,0.5265948,0.4986927,0.67384577,0.48727185,0.49633735,0.4734052,0.5013073,-0.3476915,0.025456326,0.0073252986,0.053189605,-0.0026145896
SH600584,-0.014628976200993416,0.25,,2026-04-24,0.0015617805,0.030343557,0.051469922,0.021865226,0.72058874,0.0069165505,0.22794132,-0.013386895,-0.44117752,0.9984407,1.0218312,0.9915349,1.0050086,0.97974604,0.9583542,0.8783851,1.0187064,1.1719539,0.9950025,0.9842292,0.9377725,0.94119066,0.99596363,0.012514683,0.016309049,0.05532362,0.056603685,0.07182752,0.0026307465,0.0040287245,0.008488155,0.0013913881,-0.0027390358,0.11047352,0.5593573,0.823898,0.046828356,0.44352022,-0.0002639901,-0.0023584755,-0.018409988,0.03863421,0.084837936,1.0218312,1.0218312,1.0218312,1.0425593,1.2169558,0.96078944,0.9467795,0.84697324,0.84697324,0.84697324,1.0027581,0.9928633,0.9880661,0.9896591,1.0550544,0.98761094,0.97352874,0.8767193,0.87871283,0.9348687,0.8,0.9,0.95,0.8666667,0.46666667,0.64235705,0.70911855,0.8751493,0.7824015,0.41360542,1.0,1.0,1.0,0.033333335,0.016666668,0.4,0.1,0.3,0.53333336,0.76666665,0.6,0.9,0.7,-0.5,-0.75,0.87625766,0.6822027,0.86308515,0.7198844,0.74471486,0.8793113,0.79826885,0.7853284,0.5580668,0.4474595,0.6,0.6,0.6,0.53333336,0.5,0.4,0.4,0.4,0.46666667,0.5,0.2,0.2,0.2,0.06666667,0.0,0.6128866,0.6369351,0.6803456,0.48559007,0.4398216,0.3871134,0.3630649,0.31965438,0.5144099,0.5601784,0.22577322,0.27387023,0.36069122,-0.02881985,-0.12035681,0.91648096,0.8874514,0.7451184,0.7868534,1.054936,0.16293807,0.19227028,0.25003037,0.2396068,0.5531747,0.70936275,0.901895,1.2454304,1.0686545,1.1921872,0.5725793,0.5092893,0.5567714,0.5052995,0.43312928,0.42742068,0.49071068,0.44322863,0.4947005,0.56687075,0.14515865,0.01857867,0.11354274,0.01059902,-0.13374144
SH601336,-0.015133068575647491,0.125,,2026-04-24,0.0,0.024355097,0.0,0.0054478357,0.2236836,0.01890726,0.7763164,0.013459425,0.5526328,1.0,1.0054479,0.98109275,0.9955862,1.0297805,0.998312,1.0214612,1.1523993,1.2786351,1.0170002,1.0105015,0.998318,1.0317016,1.1386343,0.013344804,0.018177416,0.022955611,0.058236364,0.12280361,-0.008343367,0.0024428058,0.0019306464,-0.0043914504,-0.0066128275,0.9772334,0.16554841,0.24756874,0.4406859,0.88440657,-0.00031348376,-0.021494165,-0.016659174,0.03197443,0.056444086,1.0442106,1.0442106,1.0442106,1.1820896,1.3756495,0.98109275,0.9759875,0.9446376,0.9446376,0.9446376,1.0260187,1.0253435,1.0211478,1.0740776,1.2763925,1.0056908,0.9944297,0.9818422,0.9876296,1.0056908,0.2,0.4,0.6,0.4,0.2,0.299555,0.35197034,0.55599827,0.23315194,0.12844747,0.6,0.8,0.9,0.1,0.1,1.0,0.1,0.35,0.56666666,0.78333336,-0.4,0.7,0.55,-0.46666667,-0.68333334,0.47180477,0.5611923,0.5515455,-0.012558151,0.070149586,-0.2596393,0.74237126,0.66078305,0.2327125,0.16119683,0.2,0.4,0.35,0.33333334,0.36666667,0.8,0.6,0.65,0.6666667,0.6333333,-0.6,-0.2,-0.3,-0.33333334,-0.26666668,0.092409484,0.50729185,0.46684054,0.36822352,0.37815037,0.9075905,0.49270815,0.53315943,0.6317765,0.6218496,-0.815181,0.01458369,-0.0663189,-0.263553,-0.24369925,1.1922768,1.3610576,1.3245345,1.3126005,1.3183299,0.1686402,0.3910243,0.36221924,0.36426,0.4296381,0.55432385,1.1728035,1.220556,1.0795615,1.0920573,0.19447531,0.43391022,0.46742886,0.5155828,0.49676087,0.8055247,0.5660898,0.53257114,0.48441723,0.5032391,-0.6110494,-0.13217957,-0.06514229,0.031165568,-0.006478245
SH601916,-0.015304203088535587,0.25,,2026-04-24,-0.0033670056,0.006734011,-0.5,0.0033670056,0.5,0.0,0.0,-0.006734011,-1.0,1.0033784,1.0067568,1.0,1.0026345,1.0195122,1.002439,1.0463415,1.0439025,1.0,1.0058537,1.0097561,1.0106097,1.021626,1.0127236,0.0050576725,0.0078824125,0.013482161,0.02080194,0.019906592,-0.0029268316,-0.00094604655,-0.0008123975,-0.0017580524,0.00039462213,0.8372093,0.13204384,0.12708263,0.553551,0.119858526,0.0,-0.005498896,-0.0028919883,0.0038657256,-0.02436494,1.0189431,1.0228881,1.0506591,1.0628458,1.0628458,1.0,0.9996248,0.9893065,0.9893065,0.9733456,1.0102439,1.0195122,1.0195122,1.0463415,1.0360976,1.0019512,1.0019512,1.0019512,1.002439,1.0,0.2,0.15,0.15,0.1,0.25,0.0,0.016128732,0.17429593,0.14541207,0.29781404,0.2,0.4,0.05,0.1,0.55,1.0,0.2,0.35,0.56666666,0.1,-0.8,0.2,-0.3,-0.46666667,0.45,-0.33450922,0.3865232,0.25370318,0.5186717,0.29025093,0.20091994,0.5959112,-0.18350375,-0.31371486,-0.098290645,0.2,0.3,0.2,0.26666668,0.38333333,0.8,0.5,0.6,0.53333336,0.46666667,-0.6,-0.2,-0.4,-0.26666668,-0.083333336,0.1,0.47368422,0.29787233,0.4,0.5,0.9,0.5263158,0.70212764,0.6,0.5,-0.8,-0.05263158,-0.40425533,-0.2,0.0,1.0200543,0.97905564,1.2956618,1.6057961,1.7025676,0.24255726,0.26393676,0.67612666,0.76299417,0.6428721,0.48224512,0.89880383,2.3134117,2.018443,1.7106308,0.52298325,0.5298991,0.46237853,0.43007445,0.48463854,0.47701675,0.47010088,0.53762144,0.56992555,0.5153615,0.045966532,0.05979825,-0.07524294,-0.13985106,-0.030722922
SH601166,-0.015504842209969616,0.25,,2026-04-24,0.0,0.01155112,0.0,0.0077007464,0.6666667,0.0038503732,0.33333334,-0.0038503732,-0.33333334,1.0,1.0077008,0.9961496,1.0015118,1.0120811,1.0192543,1.0385088,1.034639,1.0474752,1.0052855,1.0125437,1.0209863,1.0250684,1.020851,0.0058976845,0.009798434,0.012152225,0.013132407,0.013833104,-0.0031901838,-0.0025861256,-0.0017434101,-0.0011056066,8.1935e-05,0.7314899,0.6385537,0.72036994,0.54930586,0.010700388,0.0010948589,-0.00090608443,-0.004423915,-0.009037128,-0.023268111,1.0275154,1.0335919,1.0500139,1.0500139,1.0597746,0.9961496,0.9961496,0.9961496,0.9961496,0.98021525,1.010571,1.0218782,1.0294856,1.0357716,1.0352052,1.0009061,1.0019633,1.011647,1.0129873,1.0071732,0.2,0.1,0.05,0.033333335,0.06666667,0.1227571,0.10283508,0.071482845,0.071482845,0.2486788,0.4,0.4,0.2,0.46666667,0.016666668,1.0,1.0,1.0,1.0,0.1,-0.6,-0.6,-0.8,-0.53333336,-0.083333336,0.26695868,-0.72168535,-0.5786872,-0.48650166,-0.50263166,-0.42175844,-0.34435242,0.007694313,-0.37819684,-0.25726807,0.2,0.3,0.3,0.36666667,0.43333334,0.8,0.7,0.7,0.6,0.53333336,-0.6,-0.4,-0.4,-0.23333333,-0.1,0.17676751,0.33000004,0.34911245,0.41990393,0.44924322,0.8232325,0.66999996,0.65088755,0.58009607,0.5507568,-0.64646494,-0.33999988,-0.30177513,-0.16019212,-0.10151359,1.2662617,0.9960124,0.87039554,0.87907165,1.1222732,0.20551342,0.33686993,0.2769673,0.24836934,0.5429047,1.2713703,0.9192051,0.78048205,1.2590308,1.1550117,0.48670506,0.5750805,0.55118686,0.514849,0.46888942,0.51329494,0.42491952,0.44881314,0.485151,0.5311106,-0.026589865,0.15016097,0.10237371,0.029698001,-0.062221155
SH601766,-0.01619503791154911,0.5,,2026-04-24,-0.008389262,0.0100670755,-0.8333365,0.0,0.0,0.0016778146,0.16666354,-0.0067114467,-0.6666729,1.0084603,1.0084603,0.998308,1.0018693,1.0404156,1.0646651,1.0623556,1.0912241,1.1558892,1.0177829,1.0333718,1.0453811,1.0526558,1.0656273,0.012951544,0.01900113,0.020290073,0.021591606,0.024303108,-0.00796765,-0.006123589,-0.0026046638,-0.0018588792,-0.0010285767,0.9461446,0.95206064,0.57677203,0.5744261,0.5463231,-0.0018475899,-0.005815651,-0.020636734,-0.025702126,-0.035284374,1.0418625,1.0610415,1.0913606,1.1035304,1.1724037,0.998308,0.998308,0.998308,0.998308,0.998308,1.0300231,1.0487298,1.0646651,1.0729792,1.0833718,1.0083141,1.016859,1.0300231,1.0332564,1.0473441,0.2,0.1,0.05,0.033333335,0.016666668,0.03884812,0.026971376,0.018183358,0.016080316,0.009718845,0.2,0.1,0.15,0.033333335,0.016666668,1.0,1.0,1.0,1.0,1.0,-0.8,-0.9,-0.85,-0.96666664,-0.98333335,0.024438268,-0.70986843,-0.042156287,0.022243787,0.25239545,-0.5211264,-0.03668579,0.16587906,0.14955917,0.090701945,0.0,0.1,0.3,0.3,0.31666666,0.8,0.7,0.6,0.6333333,0.6166667,-0.8,-0.6,-0.3,-0.33333334,-0.3,0.0,0.017240841,0.3663364,0.37846142,0.3916533,1.0,0.9827592,0.6336636,0.6215386,0.6083467,-1.0,-0.9655183,-0.2673272,-0.24307714,-0.2166934,1.2833593,1.0489163,1.1738974,1.1883059,1.4427556,0.29334125,0.35499185,0.6432107,0.5460966,0.7742123,0.6175471,0.8201126,1.7075149,1.4892789,1.1932694,0.42839244,0.4663332,0.51058644,0.48367563,0.5008296,0.5716076,0.5336668,0.4894136,0.5163244,0.4991704,-0.14321513,-0.06733355,0.021172835,-0.03264876,0.0016592032
SH600031,-0.016401804872566518,0.125,,2026-04-24,0.0010256188,0.017948678,0.057141744,0.0071794866,0.40000087,0.009743572,0.5428574,0.0035897044,0.19999827,0.99897546,1.0071721,0.98924184,0.9990887,1.0327871,1.0584016,0.9866866,1.1019522,1.1567627,1.0117873,1.0306382,1.0255663,1.0244914,1.0953166,0.009502668,0.02286701,0.029886432,0.03496648,0.08080363,-0.005789542,-0.006954425,0.0011209102,1.0818462e-05,-0.003681744,0.92797726,0.8478423,0.049233586,7.41872e-06,0.6332064,-0.00020820387,0.0006567314,-0.03621501,-0.024648318,0.01329486,1.0307449,1.0829918,1.0829918,1.1111745,1.2443687,0.98924184,0.98924184,0.953387,0.94519114,0.94519114,1.0205986,1.0473382,1.0584016,1.0588123,1.1811568,1.0032854,1.0114797,1.0,0.9936546,1.0131186,0.2,0.1,0.225,0.28333333,0.14166667,0.25921378,0.114753745,0.35965487,0.330207,0.18319839,0.4,0.3,0.65,0.033333335,0.31666666,1.0,1.0,0.1,0.23333333,0.6166667,-0.6,-0.7,0.55,-0.2,-0.3,0.765491,0.5518095,0.16612947,-0.019355878,0.027912369,-0.42248908,0.07727868,0.51842874,0.19232635,0.19507274,0.2,0.2,0.25,0.23333333,0.36666667,0.8,0.8,0.7,0.73333335,0.6166667,-0.6,-0.6,-0.45,-0.5,-0.25,0.015250115,0.23612678,0.5206249,0.40709153,0.43132794,0.9847499,0.7638732,0.47937515,0.5929085,0.56867206,-0.96949977,-0.52774644,0.04124971,-0.18581694,-0.13734415,1.3142427,1.4105225,1.5521083,1.5414746,1.576431,0.23559128,0.22359562,0.533247,0.49180862,0.4659152,0.761464,0.6738622,1.5309784,1.2940779,1.3240993,0.2843987,0.46476623,0.50480515,0.45785874,0.48684815,0.71560127,0.5352338,0.49519485,0.54214126,0.5131519,-0.43120256,-0.07046755,0.009610305,-0.08428253,-0.02630372
SH600309,-0.01655450875736871,0.375,,2026-04-24,0.016345097,0.029852483,0.54752886,0.012372328,0.4144489,0.0011350585,0.038022246,0.0051078266,0.17110224,0.9839178,1.0121733,0.98280096,1.0007578,0.98023295,0.9947495,0.8848556,0.9671638,0.9390204,0.98262155,0.99368954,0.96444005,0.9363074,0.95694435,0.009759838,0.018238405,0.04163921,0.05543591,0.05032993,0.004646301,-0.0040686503,0.005367284,0.0051003783,-8.214697e-05,0.5665907,0.45618236,0.58153015,0.6560306,0.0008125128,0.0080858255,0.02461936,-0.015429243,-0.0102628535,0.045478985,1.0121733,1.0402057,1.0402057,1.0402057,1.0833142,0.927406,0.927406,0.869332,0.8192985,0.8192985,0.9835596,1.0075499,0.9958888,0.98313624,0.9967605,0.9775506,0.97864586,0.9229832,0.88664246,0.9007134,1.0,0.7,0.85,0.9,0.8333333,0.85639095,0.64356506,0.7647048,0.8179971,0.6844346,1.0,0.1,0.55,0.7,0.45,0.4,0.7,0.05,0.23333333,0.6166667,0.6,-0.6,0.5,0.46666667,-0.16666667,0.33451486,0.30818114,0.6449339,-0.01730999,0.18562615,0.106304176,0.17829241,0.54773843,0.11306824,0.08509947,0.4,0.4,0.55,0.53333336,0.56666666,0.6,0.6,0.45,0.46666667,0.43333334,-0.2,-0.2,0.1,0.06666667,0.13333334,0.86417544,0.51953906,0.7048032,0.5338414,0.52648467,0.13582459,0.48046094,0.29519674,0.46615863,0.4735153,0.7283508,0.039078094,0.4096065,0.06768271,0.052969377,0.9138816,0.9209104,0.8424232,0.92832416,1.0722358,0.13273694,0.13527606,0.18124019,0.28488517,0.3615208,1.706764,0.96589,1.1020364,1.2940438,1.2223691,0.5629613,0.5682522,0.5167711,0.4746599,0.4942632,0.4370387,0.43174782,0.48322892,0.52534014,0.50573677,0.12592259,0.13650437,0.033542126,-0.050680242,-0.011473592
SZ000858,-0.016613706479536926,0.125,,2026-04-24,0.006159933,0.016095333,0.38271546,0.0064580236,0.40123576,0.0034773774,0.21604879,0.0031792866,0.19752847,0.99387777,1.0064185,0.9904217,0.9992091,1.0058272,1.0078984,1.0000966,1.009873,1.0175782,0.9985584,1.0071983,1.0142287,1.013939,1.0224328,0.0027632164,0.0104248505,0.011860783,0.012491856,0.02222106,-0.00015835273,-0.0027306976,-0.0014849858,-0.00052706315,-0.0006238632,0.008210343,0.6289541,0.54863805,0.13796632,0.24040805,0.0017582905,0.0050897794,-0.00012133152,-0.006296611,-0.0040288833,1.0101713,1.0269558,1.0447336,1.0449314,1.0939069,0.9904217,0.9904217,0.9904217,0.98785347,0.98785347,1.0001583,1.0187418,1.0220411,1.0228484,1.0371475,0.9980447,0.9991117,1.0006334,1.0005716,1.002329,0.8,0.4,0.2,0.16666667,0.13333334,0.484988,0.26217392,0.17635739,0.21280605,0.11453231,0.8,0.4,0.15,0.1,0.11666667,1.0,1.0,1.0,0.26666668,0.6333333,-0.2,-0.6,-0.85,-0.16666667,-0.51666665,-0.30621645,-0.5478794,-0.25851944,-0.043902274,0.59111464,0.162002,-0.53280264,-0.051068917,-0.15439728,0.42531782,0.4,0.5,0.5,0.5,0.48333332,0.6,0.5,0.5,0.5,0.51666665,-0.2,0.0,0.0,0.0,-0.033333335,0.34055474,0.4203344,0.49965578,0.47974396,0.48566276,0.6594452,0.5796656,0.5003442,0.52025604,0.51433724,-0.31889048,-0.15933119,-0.00068846013,-0.040512074,-0.02867451,1.0081973,0.96245444,0.9138059,0.9549912,1.4330528,0.19126211,0.19410501,0.21166217,0.25095874,1.1012548,0.6911556,1.0274853,0.71152216,0.8647143,3.6905344,0.39993414,0.5220708,0.53493005,0.5094225,0.48261842,0.6000659,0.47792917,0.46506995,0.49057752,0.51738155,-0.20013173,0.044141628,0.06986012,0.018844964,-0.03476314
SZ000002,-0.016882511807169712,0.375,,2026-04-24,-0.013157903,0.018421017,-0.7142876,0.0026315565,0.14285621,0.0026315565,0.14285621,-0.013157903,-0.7142876,1.0133333,1.016,0.99733335,1.0040169,1.0560031,1.0373355,1.0773273,1.2399948,1.3360044,1.0277345,1.0424001,1.0459994,1.0863109,1.1858214,0.019471075,0.02135042,0.022241717,0.07407549,0.11554806,-0.012001947,-0.0057693985,-0.001958767,-0.0068147033,-0.006104404,0.9498686,0.66936,0.27145445,0.6559135,0.85125774,-0.0037306142,-0.01643781,-0.027391082,0.012502358,-0.0057414705,1.0533398,1.0799927,1.0880015,1.2693352,1.3813311,0.99733335,0.99733335,0.99733335,0.99733335,0.99733335,1.0416062,1.0565344,1.065067,1.1104008,1.3013399,1.0127974,1.0309309,1.0293283,1.0368012,1.0554689,0.2,0.1,0.05,0.033333335,0.016666668,0.0476131,0.03226065,0.02941103,0.009803774,0.0069444254,0.4,0.3,0.15,0.1,0.1,1.0,1.0,1.0,1.0,1.0,-0.6,-0.7,-0.85,-0.9,-0.9,-0.6854976,0.3476886,0.20300503,0.37509704,0.66383123,-0.4872815,0.66290706,0.500446,0.14698738,0.38095886,0.0,0.2,0.3,0.33333334,0.38333333,1.0,0.7,0.65,0.6,0.55,-1.0,-0.5,-0.35,-0.26666668,-0.16666667,0.0,0.32498628,0.35645393,0.26564237,0.35682568,1.0,0.6750137,0.6435461,0.7343576,0.6431743,-1.0,-0.35002744,-0.28709215,-0.46871525,-0.28634864,0.94293004,1.0771974,1.0640286,1.1769394,1.7440017,0.14740886,0.37070546,0.29648674,0.39884397,1.0979646,0.6713588,1.2526543,1.0394926,1.4787868,1.6327701,0.44618073,0.5219381,0.5051623,0.5076428,0.44103238,0.55381924,0.47806188,0.4948377,0.4923572,0.55896765,-0.10763853,0.043876227,0.010324613,0.0152855925,-0.11793527
SH603369,-0.017648994218355953,0.375,,2026-04-24,0.018341623,0.06037453,0.30379736,0.03247995,0.53797436,0.0095529575,0.15822828,-0.0045853676,-0.075948715,0.9819887,1.0318949,0.97260785,1.004903,0.9647271,0.98725533,0.9996138,1.0971936,1.2839856,0.9760814,0.97971165,0.9889933,1.0130922,1.1063958,0.016436677,0.013950682,0.019480946,0.04483926,0.11125567,0.008123074,-0.0004899656,-0.0019217066,-0.0042714523,-0.0060892478,0.61059433,0.011307113,0.34058237,0.7032924,0.9136563,0.0076724966,0.022493213,0.029262917,0.048843898,0.07323693,1.0318949,1.0318949,1.0514386,1.1234466,1.3298783,0.9508948,0.9508948,0.9508948,0.9508948,0.9508948,0.98825955,0.9910659,1.0020597,1.0369464,1.2328527,0.9620752,0.9642122,0.97085476,0.97878474,0.9924562,1.0,1.0,0.75,0.53333336,0.26666668,0.6062362,0.6062362,0.4883963,0.28458264,0.1295709,1.0,1.0,0.25,0.1,0.11666667,0.6,0.8,0.9,0.93333334,0.96666664,0.4,0.2,-0.65,-0.8333333,-0.85,0.9580624,0.41326472,0.21749127,-0.32396805,0.21885684,0.7437423,0.38389537,0.15048651,0.0125458995,0.21636386,0.8,0.6,0.55,0.46666667,0.41666666,0.2,0.4,0.45,0.53333336,0.56666666,0.6,0.2,0.1,-0.06666667,-0.15,0.8261907,0.5614911,0.5006337,0.3978349,0.3651259,0.1738093,0.43850896,0.4993663,0.6021651,0.6348741,0.65238136,0.122982085,0.0012673886,-0.2043302,-0.2697482,0.5830417,0.49606663,0.47790578,0.42239484,0.44872934,0.3481476,0.2698466,0.20742176,0.18889986,0.25409177,1.1147299,1.1635383,1.0569106,1.067585,2.287889,0.66573614,0.6983161,0.61222893,0.6079461,0.53728306,0.33426383,0.30168387,0.38777107,0.3920539,0.4627169,0.3314723,0.39663225,0.22445785,0.21589218,0.07456618
SH600115,-0.017748886617764248,0.375,,2026-04-24,0.002267587,0.01814054,0.12500107,0.011337857,0.6250011,0.004535096,0.24999785,-0.004535174,-0.25000215,0.9977375,1.0113122,0.9932127,0.9998123,0.9983687,1.0065253,0.9755302,1.0619903,1.4078305,1.0270799,1.0133768,1.0055465,1.0056009,1.1419793,0.020814523,0.02003568,0.028113186,0.038281094,0.1609103,-0.011582376,0.0027089836,0.0021587408,0.0001092382,-0.007776494,0.77410954,0.16757761,0.20637111,0.0006310766,0.7123606,-0.0039151874,-0.025567265,-0.026054537,-0.0071848338,0.08742723,1.0563563,1.0563563,1.0698572,1.103434,1.461184,0.9932127,0.97963804,0.94750524,0.90964586,0.90964586,1.040783,1.0391517,1.0391517,1.0433931,1.3122349,1.0078304,1.0,0.98368675,0.97944534,0.9983687,0.2,0.4,0.5,0.53333336,0.26666668,0.10748974,0.265412,0.42904717,0.4662522,0.16382216,0.4,0.7,0.5,0.1,0.21666667,1.0,0.1,0.1,0.23333333,0.6166667,-0.6,0.6,0.4,-0.13333334,-0.4,0.61322856,0.24846329,0.5702687,0.24400513,-0.3403182,0.5473144,0.4708163,0.71894085,0.3978312,0.05274214,0.4,0.2,0.25,0.3,0.3,0.6,0.5,0.55,0.56666666,0.6333333,-0.2,-0.3,-0.3,-0.26666668,-0.33333334,0.5084745,0.4687501,0.52964425,0.45497632,0.37086776,0.49152544,0.5312499,0.47035575,0.5450237,0.6291322,0.016949099,-0.062499814,0.05928849,-0.090047374,-0.25826445,1.6423857,1.6863322,1.6883639,1.851035,1.7239296,0.69532996,0.556688,0.523538,0.5547236,0.61473966,1.1836607,1.7671977,1.4059583,1.2035367,1.2206151,0.43281075,0.4173311,0.46148935,0.4799158,0.5015059,0.5671892,0.5826689,0.5385106,0.5200842,0.4984941,-0.13437848,-0.16533779,-0.07702129,-0.040168382,0.0030118139
SZ000617,-0.019294714845644722,0.125,,2026-04-24,-0.013829811,0.026595706,-0.5200016,0.01063827,0.3999995,0.0021276271,0.079998896,-0.022340452,-0.84000224,1.0140238,1.0248113,0.99784255,1.0098232,1.0171762,1.1067082,1.1045443,0.9794428,0.9913444,1.0092237,1.0324047,1.0778131,1.0816247,1.028104,0.012358963,0.030916447,0.06207756,0.0620469,0.070780806,-0.0041925884,-0.0093523795,-0.0076238397,-0.0021694528,0.0024162107,0.28770036,0.838835,0.5278935,0.09474625,0.3554172,-0.0008385448,0.009681033,-0.0053866357,-0.0501677,-0.09938211,1.0323039,1.1132579,1.2695993,1.2695993,1.2695993,0.9935147,0.9935147,0.9935147,0.95578134,0.94171274,1.0189073,1.0603192,1.1207737,1.1261563,1.1002164,0.9991344,1.0059508,1.0171762,1.0241007,0.9660265,0.4,0.2,0.1,0.1,0.5,0.16719292,0.054159842,0.023490164,0.14090538,0.17776655,0.2,0.1,0.35,0.56666666,0.78333336,0.6,0.8,0.9,0.033333335,0.28333333,-0.4,-0.7,-0.55,0.53333336,0.5,0.39660057,0.7478029,0.9067643,0.84980977,0.8973076,0.46332508,-0.028601617,0.48421407,0.6179924,0.61998904,0.4,0.3,0.35,0.43333334,0.41666666,0.6,0.7,0.6,0.53333336,0.55,-0.2,-0.4,-0.25,-0.1,-0.13333334,0.3891794,0.19999976,0.41511086,0.50922555,0.5028536,0.6108206,0.80000025,0.5848891,0.49077445,0.49714643,-0.22164118,-0.60000044,-0.16977826,0.018451087,0.0057071173,1.076212,1.3679974,2.4095118,2.646346,1.649029,0.18663545,0.42983216,1.5299242,1.411356,1.4523547,0.49796182,0.68822867,1.657177,1.3249935,1.870545,0.32765812,0.25855592,0.4471642,0.50676984,0.50809973,0.6723419,0.7414441,0.55283576,0.49323013,0.49190027,-0.34468377,-0.48288816,-0.10567156,0.013539703,0.016199455
SZ000166,-0.019339326355870646,0.25,,2026-04-24,-0.0021551629,0.010775895,-0.19999851,0.0021552427,0.20000593,0.006465489,0.59999555,0.0021550832,0.1999911,1.0021598,1.0043197,0.99352056,0.99932814,1.0232241,1.0191257,1.0122951,1.0710382,1.1051913,1.010929,1.0185792,1.0153005,1.0257741,1.0545765,0.009164227,0.0102474205,0.010267212,0.022481259,0.036073565,-0.0057377135,-0.0031296564,6.161909e-06,-0.0016624427,-0.0018944626,0.9799999,0.85501885,1.26064715e-05,0.42379305,0.84118944,0.0005464466,-0.0044957944,-0.015359103,-0.0016687355,0.0013101177,1.0253828,1.034596,1.036399,1.0880901,1.1208817,0.99352056,0.99352056,0.990792,0.990792,0.990792,1.0166667,1.0259563,1.0237705,1.0352459,1.0942624,1.0032787,1.0106558,1.003552,1.0081968,1.018306,0.2,0.1,0.1,0.06666667,0.033333335,0.20335855,0.15774527,0.20189871,0.09463704,0.07078197,0.2,0.3,0.5,0.1,0.05,1.0,1.0,0.35,0.56666666,0.78333336,-0.8,-0.7,0.15,-0.46666667,-0.73333335,-0.43430397,-0.2525076,0.09249317,0.22103256,0.47495282,-0.0639248,-0.49994233,0.4445603,0.043956082,0.06482158,0.0,0.2,0.3,0.33333334,0.38333333,0.8,0.6,0.6,0.6,0.56666666,-0.8,-0.4,-0.3,-0.26666668,-0.18333334,0.0,0.26666614,0.46218473,0.37619036,0.40153444,1.0,0.7333338,0.5378153,0.62380964,0.59846556,-1.0,-0.4666677,-0.07563056,-0.24761926,-0.19693114,1.1266901,1.1145749,1.219179,1.2938706,1.5220691,0.24237746,0.21177714,0.37096778,0.38094556,0.5812352,0.799424,0.8060234,1.1546539,1.4174918,1.2156513,0.49657112,0.25502753,0.4955989,0.471547,0.48310348,0.5034289,0.74497247,0.5044011,0.528453,0.5168965,-0.0068577384,-0.48994493,-0.008802165,-0.056905963,-0.033793002
SZ002648,-0.02039520678417517,0.625,,2026-04-24,0.012043837,0.045620453,0.26400083,0.017153252,0.37599915,0.016423363,0.36,0.011313948,0.24800168,0.9880995,1.0169492,0.97187155,0.9976411,0.98772764,1.0396768,0.9599622,1.0493946,0.7464738,0.9702132,1.0036039,1.0046521,0.9864634,0.92212397,0.022561925,0.049365092,0.039311923,0.0442267,0.08692239,0.013088635,-0.0118455775,-0.0011677573,0.0018786849,0.0041718134,0.8413495,0.52781785,0.030883368,0.13984294,0.7025645,0.0036095264,0.049701173,0.00644161,-0.013704341,-0.045192447,1.0169492,1.0948445,1.0948445,1.0948445,1.0948445,0.9296727,0.9296727,0.9296727,0.8827974,0.7450502,0.9898933,1.0297756,1.0330354,1.0209795,1.0023823,0.95277095,0.960834,0.9717292,0.94555193,0.8229398,1.0,0.6,0.5,0.6333333,0.78333336,0.80579954,0.42578292,0.42578292,0.5527198,0.72885656,1.0,0.1,0.55,0.7,0.85,0.4,0.7,0.85,0.26666668,0.016666668,0.6,-0.6,-0.3,0.43333334,0.8333333,-0.0036365734,0.23053423,0.22703217,-0.07159647,0.020774093,-0.20621902,-0.007677461,0.08708811,0.13257031,0.25511077,0.6,0.5,0.5,0.5,0.5833333,0.4,0.5,0.5,0.5,0.41666666,0.2,0.0,0.0,0.0,0.16666667,0.5556395,0.43103945,0.53543,0.4682492,0.57841134,0.44436046,0.56896055,0.46457,0.5317508,0.42158866,0.11127907,-0.1379211,0.07086003,-0.06350161,0.15682265,1.0002133,1.0234417,1.0041724,1.118225,1.3021446,0.31060106,0.27613416,0.2594252,0.3157506,0.53528655,0.87356037,0.91118735,0.8252821,0.7956025,1.1402116,0.5420984,0.548277,0.478437,0.42570394,0.49000856,0.4579016,0.45172298,0.521563,0.57429606,0.50999147,0.08419682,0.09655406,-0.043126006,-0.14859208,-0.019982878
SH600176,-0.020640246444399657,0.375,,2026-04-24,-0.014925358,0.056119412,-0.26595712,0.005671633,0.101063654,0.035522424,0.6329792,0.014925432,0.26595846,1.0151515,1.0209091,0.96393937,0.9901219,1.0151491,0.8845422,0.7424332,0.80302984,0.61940086,0.9832143,0.98306316,0.8889724,0.8378817,0.78816485,0.024073495,0.024465904,0.103040375,0.112416975,0.112312086,0.013180706,0.0028589596,0.016263355,0.011541174,0.0050011147,0.7494437,0.12517135,0.8719137,0.81684166,0.60475636,-0.009575743,0.0040715323,-0.043474294,-0.0052287057,0.064302295,1.0424236,1.0454521,1.0454521,1.0454521,1.0454521,0.9403064,0.87849087,0.72060406,0.65424216,0.604551,1.0031514,1.0030298,0.98715746,0.9738848,0.8600012,0.96188396,0.96188396,0.77860725,0.74127984,0.67727,0.8,0.75,0.875,0.9166667,0.9583333,0.5845595,0.7277687,0.8600821,0.88381666,0.89691097,0.8,0.5,0.75,0.8333333,0.9166667,0.6,0.1,0.05,0.23333333,0.15,0.2,0.4,0.7,0.6,0.76666665,0.2743028,0.3657234,0.9208567,0.7267668,0.54980934,0.19720957,0.3209609,0.46941277,0.1399234,0.28018355,0.6,0.7,0.7,0.6,0.55,0.4,0.3,0.3,0.4,0.43333334,0.2,0.4,0.4,0.2,0.11666667,0.43932587,0.6705498,0.74453986,0.62510395,0.61971056,0.56067413,0.3294502,0.25546017,0.37489605,0.3802894,-0.121348254,0.34109962,0.48907968,0.25020787,0.23942117,1.0860379,1.1334517,0.8782937,0.8174973,0.8077118,0.21823932,0.19244313,0.3130203,0.30050236,0.3073108,0.93583125,0.7954833,0.9549123,0.8593008,0.9426671,0.42547035,0.52050114,0.573894,0.5408828,0.5076985,0.57452965,0.47949883,0.42610598,0.4591172,0.4923015,-0.14905931,0.04100233,0.14778806,0.08176561,0.01539699
SH601186,-0.020664122434409966,0.25,,2026-04-24,-0.0058394205,0.008759096,-0.6666693,0.0014598722,0.16666928,0.0014598035,0.16666144,-0.005839489,-0.6666771,1.0058737,1.0073422,0.99853164,1.0016887,1.0179284,1.0268925,1.0219125,1.0886455,1.1165339,1.008765,1.0145419,1.0208168,1.0318061,1.0513115,0.0052421205,0.0071701016,0.00976374,0.024083922,0.027647741,-0.0029880516,-0.0021127656,-0.0013195343,-0.0021865817,-0.001292164,0.8122734,0.795909,0.63925916,0.6388203,0.6662171,-0.002788861,-0.005034425,-0.008281194,-0.000100709505,-0.01319262,1.0173523,1.0263172,1.0490804,1.114335,1.126133,0.99853164,0.99853164,0.99853164,0.99853164,0.99853164,1.0121514,1.0219125,1.0282869,1.0390438,1.0766932,1.0063746,1.0103586,1.0127491,1.0145419,1.0219125,0.2,0.1,0.05,0.033333335,0.016666668,0.07801921,0.05284677,0.029048769,0.012679929,0.011507543,0.2,0.3,0.2,0.033333335,0.016666668,1.0,1.0,1.0,1.0,1.0,-0.8,-0.7,-0.8,-0.96666664,-0.98333335,-0.27281007,-0.5830872,0.21737196,0.69249725,0.6635976,-0.7899491,-0.6952479,0.32665864,-0.06774563,0.051924597,0.0,0.1,0.3,0.3,0.36666667,1.0,0.7,0.5,0.56666666,0.53333336,-1.0,-0.6,-0.2,-0.26666668,-0.16666667,0.0,0.11428606,0.3921567,0.31687242,0.38899425,1.0,0.88571393,0.60784334,0.6831276,0.6110057,-1.0,-0.77142787,-0.21568662,-0.36625513,-0.22201149,0.87257224,0.800159,0.83131635,1.1022503,1.6089085,0.14310768,0.17379731,0.21320653,0.62670046,1.2317874,0.9179863,0.96792483,1.0853097,1.5596383,1.2007239,0.5238242,0.6106405,0.48375472,0.46667197,0.4991772,0.4761758,0.38935947,0.5162453,0.533328,0.50082284,0.04764837,0.22128102,-0.032490566,-0.066656046,-0.0016456279
SH603260,-0.02115778347653629,0.375,,2026-04-24,0.0042601265,0.023542594,0.18095401,0.014349782,0.60952425,0.0049326853,0.20952174,-0.0051569697,-0.2190485,0.99575794,1.0142889,0.99084616,1.0005586,0.9782513,0.9502262,0.9151948,1.0907896,1.125821,1.0060136,0.99567944,0.9612465,0.9778426,1.0472047,0.0035052444,0.012863653,0.042429145,0.0577128,0.08628658,-0.0014596273,0.0023814258,0.0059461156,-0.0012960448,-0.0039849053,0.4334983,0.31416437,0.6873946,0.039083853,0.650503,-0.003094419,-0.0063958378,-0.017734589,0.040950038,0.070349954,1.028056,1.028056,1.028056,1.1246499,1.2255278,0.9712147,0.9364271,0.8576725,0.8576725,0.8576725,1.0079988,1.0069187,1.0013137,1.0079988,1.1142899,1.0052546,0.98011965,0.9248868,0.93781924,0.958517,0.2,0.6,0.8,0.7,0.35,0.50641507,0.69380826,0.835336,0.533107,0.38691163,0.4,0.7,0.85,0.033333335,0.05,0.2,0.1,0.3,0.53333336,0.76666665,0.2,0.6,0.55,-0.5,-0.71666664,0.44407403,0.12946135,0.539511,0.22372545,0.35207453,0.79005337,0.7026924,0.4394661,0.1984979,0.27546805,0.6,0.6,0.55,0.5,0.48333332,0.4,0.4,0.45,0.5,0.51666665,0.2,0.2,0.1,0.0,-0.033333335,0.7728947,0.7155502,0.6154152,0.42130575,0.4509112,0.22710535,0.2844498,0.38458478,0.5786943,0.54908884,0.5457893,0.43110043,0.23083043,-0.15738852,-0.09817763,1.2798244,1.4278997,1.2817267,1.2508843,1.3492492,0.28801587,0.52085483,0.53703284,0.45432016,0.5690162,1.6983049,1.6608403,1.4945357,1.3608059,1.2996336,0.37898174,0.4860492,0.48566195,0.50081146,0.457095,0.62101823,0.51395077,0.514338,0.49918854,0.542905,-0.2420365,-0.027901562,-0.028676068,0.0016228857,-0.08580999
SH601607,-0.0213201406920877,0.125,,2026-04-24,-0.002364092,0.009456257,-0.25000292,0.0035460829,0.37499854,0.0035460829,0.37499854,-0.002364092,-0.25000292,1.0023696,1.0059242,0.99644554,0.9997483,1.0065084,1.0165911,0.9739131,1.0207522,1.029021,1.0041505,1.008477,1.011347,1.0076643,1.0149027,0.0028640279,0.006417668,0.010426368,0.016571946,0.014686964,-0.0008322274,-0.0014552579,-0.0002701073,0.00015293321,-0.0004160653,0.21109091,0.4713428,0.023489546,0.0066002174,0.24477033,-0.0024859991,-0.0019282798,-0.008781018,-0.009881809,-0.002628728,1.0112365,1.0237113,1.0290546,1.0302396,1.047406,0.99644554,0.99644554,0.96800905,0.96149725,0.96149725,1.0058042,1.012558,1.022278,1.0232168,1.0242732,1.00239,1.0043958,1.0043958,0.99905044,1.0069778,0.2,0.1,0.15,0.23333333,0.11666667,0.24031352,0.13036403,0.5240496,0.56010234,0.44818196,0.4,0.4,0.3,0.1,0.06666667,1.0,1.0,0.05,0.23333333,0.6166667,-0.6,-0.6,0.25,-0.13333334,-0.55,0.5991838,0.80512244,0.6851952,0.3361138,0.34616414,0.7537122,0.5908352,0.73115635,0.13676497,0.12646374,0.4,0.3,0.5,0.46666667,0.48333332,0.6,0.7,0.5,0.53333336,0.5,-0.2,-0.4,0.0,-0.06666667,-0.016666668,0.30937588,0.34739932,0.60294735,0.45252633,0.45740682,0.6906241,0.6526007,0.39705265,0.54747367,0.5425932,-0.3812482,-0.30520138,0.20589471,-0.09494736,-0.08518637,1.0857744,1.3505547,1.8221052,1.7699744,1.8517944,0.11186736,0.40804335,0.71955055,0.6674523,0.8182952,0.547866,1.0639884,0.97890675,1.3791816,1.367858,0.2946074,0.40951994,0.49888664,0.4795338,0.474028,0.7053926,0.59048,0.50111336,0.5204662,0.525972,-0.41078523,-0.18096012,-0.002226734,-0.040932402,-0.051944025
SZ300628,-0.022500328197800606,0.25,,2026-04-24,0.0043091746,0.019929914,0.21621643,0.015620738,0.78378356,0.0,0.0,-0.011311564,-0.5675671,0.9957093,1.0155537,0.9957093,1.0065463,0.95655686,0.92974216,0.8543913,0.928406,0.9774715,0.9870755,0.9727832,0.9326386,0.92125064,0.9504411,0.024544688,0.02294503,0.047306806,0.043386918,0.04827492,0.011424342,0.0053384798,0.0076283785,0.0035747353,-0.0013405425,0.54161096,0.49621445,0.91009206,0.52610433,0.2351895,-0.009924198,0.003193658,-0.00510818,0.026915716,0.08910485,1.017701,1.017701,1.017701,1.017701,1.0581968,0.9493154,0.9452937,0.84231436,0.84231436,0.84231436,1.0027357,0.99978834,0.9656793,0.9594539,0.99324274,0.96250975,0.95655686,0.88216895,0.8822774,0.9068935,0.8,0.9,0.95,0.96666664,0.85,0.7411591,0.7555357,0.89907444,0.89907444,0.7304236,0.6,0.8,0.9,0.93333334,0.15,0.2,0.5,0.05,0.36666667,0.68333334,0.4,0.3,0.85,0.56666666,-0.53333336,0.960281,0.81664526,0.7672434,0.50593954,0.64070016,0.97681963,0.920731,0.88619715,0.66872966,0.49833873,0.6,0.5,0.65,0.6,0.51666665,0.4,0.4,0.3,0.36666667,0.46666667,0.2,0.1,0.35,0.23333333,0.05,0.76647174,0.7322663,0.8019754,0.5986512,0.513044,0.23352827,0.26773372,0.19802457,0.40134883,0.48695597,0.5329434,0.46453255,0.60395086,0.19730234,0.026088038,1.1430408,0.9763076,0.7400323,0.76963645,0.9231634,0.7112312,0.55838454,0.46253943,0.39779645,0.45696792,1.7712117,1.7327847,2.0228362,1.8517002,1.4877837,0.57130945,0.5505072,0.5070574,0.5276072,0.50544965,0.42869055,0.44949278,0.4929426,0.47239283,0.49455032,0.14261892,0.10101443,0.014114822,0.055214368,0.0108993435
SH600585,-0.023290490721192894,0.375,,2026-04-24,-0.009717688,0.01480795,-0.65624803,0.0,0.0,0.005090262,0.34375197,-0.004627426,-0.31249607,1.0098131,1.0098131,0.9948598,1.0009297,1.0383469,1.0672982,1.0714995,1.1916584,1.0878465,1.0183332,1.0340844,1.0563784,1.0784407,1.1206732,0.013091526,0.019923365,0.027565831,0.046507437,0.058221452,-0.008135362,-0.0064842193,-0.0043971557,-0.004762147,-0.0024118854,0.9654131,0.97096026,0.8905731,0.8125733,0.5234162,-0.0020624576,-0.0049054855,-0.014605436,-0.00938951,-0.0495226,1.0369178,1.0677831,1.10236,1.213613,1.2584572,0.9948598,0.9948598,0.9948598,0.9948598,0.9948598,1.0299442,1.0547093,1.0824536,1.0964785,1.1778779,1.00935,1.0173095,1.0313193,1.039447,1.0672065,0.2,0.1,0.05,0.033333335,0.016666668,0.12221734,0.07048795,0.047815807,0.023497766,0.019500243,0.2,0.2,0.1,0.033333335,0.31666666,1.0,1.0,1.0,1.0,1.0,-0.8,-0.8,-0.9,-0.96666664,-0.68333334,0.17802426,-0.29054853,-0.483118,0.055411275,0.47485778,-0.5759884,-0.61974174,0.055697042,-0.12041092,0.34752613,0.0,0.0,0.2,0.23333333,0.35,1.0,1.0,0.8,0.76666665,0.65,-1.0,-1.0,-0.6,-0.53333336,-0.3,0.0,0.0,0.29383248,0.23302834,0.45600614,1.0,1.0,0.7061675,0.76697165,0.54399383,-1.0,-1.0,-0.412335,-0.53394336,-0.087987706,1.0999339,1.1012938,0.9386194,1.0069075,1.3898487,0.18930295,0.34763497,0.32289258,0.29287425,0.6756797,0.56778467,0.97181225,0.89224654,0.97793454,1.4408695,0.45924363,0.5500357,0.47142226,0.49809745,0.48408714,0.5407564,0.44996428,0.52857774,0.5019025,0.5159129,-0.08151276,0.1000714,-0.057155505,-0.0038050732,-0.031825747
SH600104,-0.023659632599615864,0.125,,2026-04-24,-0.010822542,0.014429969,-0.75000453,0.00072146783,0.049997877,0.0028859589,0.19999757,-0.0086580515,-0.60000485,1.0109409,1.0116704,0.9970825,1.000345,1.0152893,1.0320944,1.0466588,1.0502834,1.1028075,1.0090154,1.0170423,1.0297318,1.0359057,1.0405606,0.0055140513,0.010157228,0.020034274,0.020912766,0.019788599,-0.0023988455,-0.00318328,-0.0028202673,-0.0017829073,-0.00059683697,0.47315452,0.9003485,0.69358766,0.5632955,0.27744776,-0.004217739,-0.0027175723,-0.002939257,-0.010053579,-0.022953939,1.0204084,1.0349637,1.0823867,1.0823867,1.1064596,0.9970825,0.9970825,0.9970825,0.9970825,0.9970825,1.0132595,1.0256492,1.044774,1.0517465,1.0561488,1.0069593,1.009279,1.0136945,1.0158693,1.0246342,0.2,0.1,0.05,0.033333335,0.016666668,0.12507677,0.07701789,0.03420151,0.03420151,0.026674073,0.8,0.2,0.2,0.46666667,0.016666668,1.0,1.0,1.0,1.0,1.0,-0.2,-0.8,-0.8,-0.53333336,-0.98333335,-0.073676825,-0.12908524,0.5832699,0.6195919,0.4265251,0.19953707,-0.04532713,0.17264538,0.22886424,0.091124095,0.2,0.2,0.35,0.36666667,0.4,0.8,0.7,0.6,0.56666666,0.56666666,-0.6,-0.5,-0.25,-0.2,-0.16666667,0.18305935,0.121306345,0.37699792,0.4192934,0.41558442,0.81694067,0.87869364,0.62300205,0.5807066,0.5844156,-0.63388133,-0.75738734,-0.24600415,-0.16141318,-0.16883117,0.9598791,0.995875,1.1930995,1.3141209,1.4684478,0.055836003,0.141348,0.42286924,0.45831713,0.66790664,1.0421062,1.0432945,1.4838724,1.2555617,1.0541968,0.24282958,0.47842813,0.48479456,0.48357436,0.48258403,0.75717044,0.5215719,0.51520544,0.5164256,0.517416,-0.5143408,-0.043143775,-0.030410878,-0.032851256,-0.034831945
SZ000338,-0.02377949652997196,0.25,,2026-04-24,-0.0026963397,0.0340411,-0.07920836,0.009437055,0.27722535,0.021907706,0.6435663,0.00977431,0.2871326,1.0027037,1.0121661,0.97803307,0.9962955,0.8955621,0.9124688,0.80364937,0.85163087,0.7624133,0.94862854,0.9256799,0.88558173,0.8621116,0.8677212,0.04943419,0.042168155,0.05586318,0.058580473,0.06314458,0.030483864,0.010837655,0.0084832115,0.005462533,0.0011251643,0.95066005,0.6054982,0.8071186,0.6738823,0.09684105,-0.009596284,0.025550643,0.03382773,0.058681678,0.09908645,1.0199314,1.0199314,1.0199314,1.0199314,1.0202752,0.88374484,0.8769795,0.7232107,0.7232107,0.7232107,0.9972903,0.95579475,0.91517276,0.90874445,0.92815036,0.90625095,0.8946166,0.8437295,0.80648303,0.80419135,1.0,1.0,1.0,1.0,1.0,0.8536462,0.8605726,0.93282765,0.93282765,0.9317481,0.8,0.9,0.95,0.96666664,0.31666666,0.4,0.2,0.05,0.36666667,0.68333334,0.4,0.7,0.9,0.6,-0.36666667,0.5552306,0.4277446,-0.062313236,-0.0035559593,0.13602531,0.69986904,0.37087172,-0.04010543,0.007841331,0.20672482,0.8,0.6,0.6,0.53333336,0.5,0.2,0.4,0.4,0.46666667,0.5,0.6,0.2,0.2,0.06666667,0.0,0.9584914,0.7052103,0.7166025,0.60743505,0.57266796,0.041508604,0.29478967,0.28339747,0.39256492,0.427332,0.91698277,0.41042066,0.43320504,0.21487014,0.14533594,1.2106022,1.1595078,1.2277167,1.1959146,1.3185384,0.42144945,0.31058395,0.48730376,0.41057557,0.41637537,1.1798267,0.9959645,0.8400783,0.7906153,0.8027695,0.52143186,0.4679138,0.51206404,0.46115938,0.4818966,0.47856814,0.5320862,0.48793596,0.5388406,0.5181034,0.042863734,-0.06417238,0.024128053,-0.077681236,-0.036206786
SZ000063,-0.024704116842648897,0.25,,2026-04-24,-0.005195544,0.031446543,-0.1652183,0.01449272,0.46086848,0.011758279,0.37391323,-0.007929986,-0.25217354,1.0052227,1.0197911,0.98818034,1.0004705,0.9711402,0.98378646,0.89829993,1.0203432,1.0863061,0.9983481,0.98705006,0.95058894,0.9505292,0.99527466,0.02307942,0.020052703,0.04782354,0.04673056,0.06020701,0.0075604217,0.0039368803,0.007105052,0.0015990324,-0.0023292108,0.2682763,0.3533214,0.77253664,0.09074324,0.45648158,-0.013468947,-0.004766024,-0.018086918,0.026284827,0.07343704,1.0329853,1.0329853,1.0329853,1.0329853,1.1198426,0.9554624,0.9554624,0.87411,0.87411,0.87411,1.0156125,1.0025839,0.98487914,0.9871867,1.0385944,0.9814147,0.9704782,0.8949993,0.897805,0.94072825,0.6,0.8,0.9,0.8666667,0.46666667,0.5745084,0.5745084,0.7923822,0.7923822,0.5123047,0.8,0.9,0.95,0.96666664,0.1,0.4,0.7,0.1,0.4,0.7,0.4,0.2,0.85,0.56666666,-0.6,0.92636937,0.926889,0.84136254,0.63852155,0.5312859,0.96445894,0.92527676,0.8111493,0.49160406,0.2838823,0.4,0.4,0.5,0.46666667,0.48333332,0.6,0.6,0.45,0.5,0.48333332,-0.2,-0.2,0.05,-0.033333335,0.0,0.6241018,0.5557521,0.67191833,0.48044124,0.4554503,0.3758982,0.44424787,0.32808167,0.5195588,0.5445497,0.24820359,0.11150425,0.34383667,-0.039117526,-0.0890994,1.2162182,0.99579567,0.85879755,0.801352,0.85993093,0.60492575,0.4740726,0.47359127,0.4017528,0.33638415,1.437681,1.9041282,1.7602477,1.5612712,1.385215,0.5697766,0.47157308,0.5438022,0.5012996,0.49229464,0.43022344,0.52842695,0.45619777,0.49870035,0.5077054,0.13955313,-0.056853835,0.08760444,0.002599279,-0.015410727
SH600547,-0.025485335878594167,0.25,,2026-04-24,0.0053295596,0.030014003,0.1775691,0.0030854915,0.10280173,0.021598952,0.71962917,0.02384302,0.7943965,0.9946987,1.0030692,0.97321427,0.9875437,1.0725477,1.1216549,1.0611073,1.3085953,1.4361072,1.031531,1.0608834,1.094797,1.1134865,1.2415508,0.03006445,0.03779957,0.047826476,0.06865636,0.15943356,-0.01819288,-0.011867533,-0.0060326536,-0.005261716,-0.007952466,0.9154537,0.9035633,0.5568626,0.4551923,0.7588292,0.00485475,-0.0074794856,-0.03748683,-0.037191637,-0.0069530495,1.0920792,1.1238887,1.1992195,1.3323126,1.8289661,0.97321427,0.97321427,0.97321427,0.97321427,0.97321427,1.0564762,1.0959809,1.1255023,1.1483785,1.332195,1.0,1.0314763,1.0618334,1.0631168,1.0984954,0.3,0.15,0.075,0.05,0.025,0.22534627,0.17777228,0.118518285,0.07459169,0.031300843,0.2,0.3,0.4,0.033333335,0.1,1.0,1.0,1.0,1.0,1.0,-0.8,-0.7,-0.6,-0.96666664,-0.9,-0.6837299,-0.84180933,-0.11458763,-0.12838851,0.40737173,-0.5438618,-0.5213896,0.4427067,-0.026680076,0.255657,0.0,0.1,0.3,0.3,0.35,0.8,0.8,0.65,0.6666667,0.6333333,-0.8,-0.7,-0.35,-0.36666667,-0.28333333,0.0,0.08863876,0.43202198,0.3206781,0.4039336,1.0,0.9113612,0.567978,0.6793219,0.59606636,-1.0,-0.8227225,-0.13595606,-0.35864377,-0.19213277,0.976007,0.86553234,0.89331913,0.9584083,1.1863279,0.17608951,0.17696215,0.23450527,0.25648984,0.60997117,1.2174339,1.0074066,1.101734,1.014782,1.353203,0.5860312,0.5275408,0.5097781,0.518615,0.48948383,0.4139688,0.4724592,0.49022192,0.481385,0.51051617,0.17206241,0.05508158,0.019556185,0.037229992,-0.021032326
SH601919,-0.025718507026697424,0.125,,2026-04-24,-0.0027700847,0.011772803,-0.23529525,0.0034625493,0.29411426,0.0055401693,0.4705905,-0.0006924647,-0.058819015,1.0027778,1.0062499,0.99444443,1.0005289,1.0220481,1.0554105,1.0597621,1.1067595,1.0060922,1.0070206,1.0240209,1.0385842,1.0565323,1.0462818,0.0064296476,0.020127498,0.020932002,0.034194216,0.042152006,-0.003655355,-0.0064140107,-0.00300621,-0.00354557,0.0006017205,0.808025,0.9308747,0.7219136,0.83323693,0.06215168,0.00029012715,0.004842178,-0.010025257,-0.0051214653,-0.064032525,1.022891,1.0590938,1.0749943,1.1403146,1.1791104,0.99444443,0.99444443,0.99444443,0.99444443,0.98120475,1.0129968,1.0474036,1.0554105,1.0801857,1.0809399,1.002785,1.0039455,1.0145633,1.0331882,1.005396,0.2,0.1,0.05,0.033333335,0.11666667,0.19529797,0.08593369,0.06897037,0.03808565,0.09497083,0.2,0.3,0.15,0.13333334,0.38333333,1.0,1.0,1.0,1.0,0.13333334,-0.8,-0.7,-0.85,-0.8666667,0.25,0.3727627,0.14495292,0.23574871,0.67488396,0.5729794,-0.6330601,-0.49290803,0.035309665,-0.11510704,0.35601905,0.2,0.2,0.35,0.4,0.45,0.8,0.8,0.55,0.53333336,0.5,-0.6,-0.6,-0.2,-0.13333334,-0.05,0.09574278,0.09704597,0.29961047,0.3122447,0.49593812,0.90425724,0.90295404,0.70038956,0.6877553,0.5040619,-0.8085144,-0.805908,-0.4007791,-0.37551057,-0.008123775,0.98030454,1.0288751,1.0660771,1.3216645,1.7501792,0.09632679,0.20107351,0.22238255,0.44738564,1.3474602,0.85424113,0.6933726,0.9193815,1.0562053,3.2345319,0.49976245,0.5052393,0.47429815,0.43837887,0.4982381,0.5002375,0.4947607,0.5257018,0.5616211,0.5017619,-0.00047509503,0.010478594,-0.051403694,-0.123242274,-0.0035238562
SH600219,-0.025984572235355254,0.375,,2026-04-24,-0.010118016,0.03541317,-0.28571337,0.008431718,0.23809554,0.016863436,0.47619107,-0.0016862989,-0.04761785,1.0102215,1.0187393,0.9829642,0.99879974,1.0887386,1.063072,1.0222842,1.3016315,1.1124154,1.0358138,1.0549344,1.0537405,1.0642459,1.1409371,0.023229152,0.028533861,0.028699035,0.060475837,0.10108319,-0.013788298,-0.006493507,-0.0003255253,-0.0025262625,-0.0038210915,0.8808351,0.47473252,0.0045030103,0.13523678,0.4358297,-0.008237174,-0.025713565,-0.050648063,-0.027615119,-0.028214926,1.0851556,1.0938501,1.1210359,1.3221172,1.4395767,0.9829642,0.9829642,0.9813216,0.96771616,0.96771616,1.0497811,1.087306,1.0788301,1.0887386,1.2490648,1.0205332,1.0433347,1.0352169,1.0222842,1.0470752,0.2,0.1,0.05,0.06666667,0.033333335,0.16670486,0.15363365,0.13369003,0.091094084,0.06841817,0.2,0.5,0.15,0.033333335,0.1,1.0,1.0,0.05,0.26666668,0.6333333,-0.8,-0.5,0.1,-0.23333333,-0.53333336,-0.35825846,0.048411414,0.3143998,0.34379107,0.5833482,-0.67989755,0.22324075,0.5694205,0.4381466,0.3907946,0.0,0.2,0.35,0.3,0.45,0.8,0.6,0.5,0.6,0.48333332,-0.8,-0.4,-0.15,-0.3,-0.033333335,0.0,0.34445533,0.47814205,0.33080357,0.47314385,1.0,0.65554464,0.5218579,0.6691964,0.5268562,-1.0,-0.31108934,-0.04371588,-0.33839285,-0.05371232,0.7195095,0.73562294,0.8116784,0.83316743,1.0431226,0.23444022,0.23339345,0.3462478,0.3027266,0.5027927,0.8633783,0.82983816,1.6168483,1.2973458,1.3381207,0.68079984,0.58053786,0.53899026,0.47744074,0.4931234,0.3192002,0.41946214,0.4610097,0.5225592,0.5068766,0.36159965,0.16107573,0.077980556,-0.045118496,-0.013753189
SZ002600,-0.02657303492068236,0.125,,2026-04-24,-0.017349109,0.02498262,-0.6944471,0.00208186,0.08333233,0.0055516516,0.22222055,-0.013879317,-0.5555589,1.0176554,1.0197741,0.9943503,1.0029243,0.9738489,0.961014,0.92924756,1.0309643,1.0874379,1.0259265,0.9983796,0.95702714,0.958939,1.0082866,0.021199362,0.03269907,0.05160204,0.048946887,0.064756416,-0.005294396,0.0076571894,0.0075782677,0.0015111363,-0.002516756,0.15592913,0.5026659,0.7548735,0.07386842,0.46069822,-0.015337734,-0.032836962,-0.02902067,0.01914953,0.065957755,1.0648512,1.0648512,1.0648512,1.0648512,1.1333692,0.9907749,0.95054567,0.86786246,0.86786246,0.86786246,1.038216,1.0287181,1.0025349,1.0075405,1.0690839,1.0101396,0.97083265,0.9122734,0.9129793,0.9407348,0.2,0.6,0.8,0.76666665,0.40833333,0.12453462,0.43265048,0.6707873,0.6707873,0.49768054,0.6,0.8,0.9,0.93333334,0.05,0.2,0.4,0.3,0.53333336,0.76666665,0.4,0.4,0.6,0.4,-0.71666664,0.8549479,0.9187375,0.8737567,0.53896827,0.5214384,0.9480125,0.8975103,0.7408372,0.4177308,0.4248082,0.4,0.6,0.55,0.5,0.5,0.6,0.4,0.45,0.5,0.5,-0.2,0.2,0.1,0.0,0.0,0.5727028,0.5829351,0.58795375,0.47471836,0.4620526,0.42729717,0.4170649,0.41204628,0.52528167,0.53794736,0.14540564,0.16587019,0.17590743,-0.05056329,-0.075894766,1.6950907,1.2909133,1.0093848,0.9325524,1.0223068,0.57155925,0.57676315,0.5161599,0.44878206,0.41167438,0.78556013,1.2002699,1.3389344,1.29626,1.1516138,0.5253843,0.49656203,0.5251089,0.4934816,0.49563673,0.47461572,0.503438,0.47489113,0.5065184,0.50436324,0.050768565,-0.006875934,0.05021772,-0.013036803,-0.008726527
SH600085,-0.027474227147766414,0.375,,2026-04-24,-0.0007236403,0.007235917,-0.10000672,0.002894353,0.39999807,0.0036179237,0.4999952,-6.947392e-08,-9.60126e-06,1.0007242,1.0036206,0.99637944,1.0005362,1.0039986,1.0065352,1.0260811,1.0887171,1.1220196,1.0025425,1.0060577,1.0099833,1.0282246,1.0663503,0.0026579767,0.005969871,0.010252176,0.031528015,0.046079304,-0.0011637938,-0.0011885761,-0.001020853,-0.0030413016,-0.0023716784,0.47928053,0.3633587,0.3470263,0.721153,0.80797803,-0.00021487159,-0.000709137,-0.00028520726,0.015874282,0.0036141237,1.0087116,1.0191976,1.0427282,1.1031857,1.1763229,0.99637944,0.9960313,0.9956751,0.9956751,0.9956751,1.0044343,1.0123303,1.017451,1.0451912,1.108269,1.0,1.0011698,1.0012414,1.0037062,1.0108085,0.3,0.15,0.125,0.083333336,0.041666668,0.2935877,0.17131436,0.09191532,0.04022763,0.023941018,0.4,0.3,0.2,0.1,0.2,1.0,0.1,0.35,0.56666666,0.78333336,-0.6,0.2,-0.15,-0.46666667,-0.5833333,-0.59324896,0.3672329,0.68882215,0.06572032,0.41907638,-0.79117036,0.2605964,0.29165423,-0.033270344,0.070970744,0.4,0.4,0.35,0.3,0.4,0.4,0.5,0.6,0.6333333,0.55,0.0,-0.1,-0.25,-0.33333334,-0.15,0.35111237,0.42606318,0.42620733,0.32672814,0.38743603,0.64888763,0.5739368,0.5737927,0.6732719,0.61256397,-0.2977753,-0.14787367,-0.14758536,-0.34654373,-0.22512794,1.1356083,1.1662084,1.5966322,1.6009709,2.1317961,0.3137368,0.25759518,0.65260214,0.6000976,1.3490888,1.107187,1.0830733,1.3564067,1.5411706,1.3907367,0.48781118,0.46227536,0.4675082,0.49559778,0.48633125,0.51218885,0.5377247,0.5324918,0.5044022,0.5136688,-0.024377646,-0.0754493,-0.06498363,-0.008804431,-0.027337512
SZ300760,-0.02755820552195348,0.25,,2026-04-24,0.0046802,0.025772173,0.18159895,0.010982772,0.42614847,0.010109201,0.39225256,0.0038066288,0.14770305,0.9953416,1.0109316,0.9852795,1.0000123,0.9736181,0.9824864,1.0204695,1.1066986,1.2130626,0.9920352,0.99037313,1.000435,1.0218138,1.0906817,0.008075092,0.009130657,0.02481408,0.04135505,0.07907992,0.0049584573,0.0009262116,-0.0025246588,-0.0039957757,-0.0043825204,0.9426235,0.09432523,0.36230728,0.7235137,0.93673193,-0.0019521314,0.005458939,0.023549255,0.03612497,0.03860264,1.0109316,1.0109316,1.0651557,1.1214138,1.2236001,0.96024543,0.96024543,0.96024543,0.96024543,0.96024543,1.0000446,0.9973228,1.0141001,1.0548831,1.1698811,0.98573256,0.9817837,0.9817837,0.9835573,0.9993307,0.8,0.9,0.65,0.43333334,0.21666667,0.7843276,0.7843276,0.3789385,0.24666488,0.15095453,1.0,1.0,0.1,0.1,0.033333335,0.2,0.6,0.8,0.8666667,0.93333334,0.8,0.4,-0.7,-0.76666665,-0.9,0.4147961,0.047293022,-0.046222713,-0.4266167,-0.20104367,0.6735623,-0.0985939,-0.009863392,-0.06964618,-0.011365765,0.8,0.6,0.55,0.5,0.45,0.2,0.4,0.45,0.5,0.55,0.6,0.2,0.1,0.0,-0.1,0.99168587,0.62681746,0.46474555,0.37145555,0.36798456,0.008314148,0.37318254,0.5352545,0.62854445,0.63201547,0.98337173,0.25363493,-0.07050893,-0.2570889,-0.26403087,0.9462297,0.86291057,0.8822948,0.8182208,0.7815041,0.13378812,0.17203806,0.18970115,0.19969335,0.23342654,0.74706197,1.1187477,1.0072625,0.9991329,1.0044278,0.52354807,0.5113437,0.5359909,0.53852725,0.50819516,0.47645193,0.48865628,0.4640091,0.46147275,0.4918048,0.04709615,0.022687415,0.071981765,0.07705449,0.016390357
SH601788,-0.027949481626823577,0.25,,2026-04-24,-0.0087425085,0.012777343,-0.68421954,0.0020174177,0.15789023,0.0020174177,0.15789023,-0.0087425085,-0.68421954,1.0088196,1.0108548,0.9979648,1.0020161,1.0504946,1.061947,1.0307132,1.0978657,1.1634566,1.0244665,1.0412806,1.0412546,1.0505639,1.089823,0.01851478,0.021900836,0.017197952,0.025045533,0.04667513,-0.01166061,-0.006874576,-0.0006516804,-0.0017417696,-0.002486419,0.99162054,0.9031958,0.050255537,0.37481987,0.8655205,-0.0011452405,-0.0103450185,-0.035063617,-0.02530831,-0.01647368,1.0532748,1.0697881,1.0850179,1.1150366,1.1805117,0.9979648,0.9979648,0.9979648,0.9979648,0.9979648,1.0391463,1.0581989,1.057366,1.0662155,1.138053,1.0099949,1.0237377,1.027798,1.0304009,1.0399792,0.2,0.1,0.05,0.033333335,0.016666668,0.036796454,0.028336348,0.023378935,0.017384289,0.01114897,0.2,0.3,0.5,0.1,0.05,1.0,1.0,1.0,1.0,1.0,-0.8,-0.7,-0.5,-0.9,-0.95,-0.3151321,-0.65100324,-0.018352965,-0.044133306,0.36281088,0.23673797,-0.055692963,0.67334217,0.29828885,0.15843311,0.0,0.2,0.4,0.36666667,0.38333333,1.0,0.7,0.55,0.6,0.5833333,-1.0,-0.5,-0.15,-0.23333333,-0.2,0.0,0.052631,0.42416427,0.34984007,0.35462946,1.0,0.947369,0.5758357,0.65015996,0.64537054,-1.0,-0.894738,-0.15167145,-0.30031985,-0.2907411,1.2444992,1.0084754,0.8945764,0.882117,1.0218576,0.47298,0.40852785,0.4142235,0.37054786,0.4697164,0.59499264,0.99590456,1.0840293,1.2035358,1.1056488,0.5516872,0.39349717,0.52485436,0.5174392,0.48652512,0.4483128,0.60650283,0.47514564,0.4825608,0.5134749,0.1033744,-0.21300566,0.049708698,0.034878366,-0.026949756
SZ000157,-0.028841479346010765,0.25,,2026-04-24,0.0037688334,0.015075396,0.24999897,0.0037688334,0.24999897,0.007537729,0.5000021,0.007537729,0.5000021,0.9962453,1.0037547,0.9887359,0.996735,1.0100155,1.096372,1.0600795,1.1664535,1.1239011,1.0102605,1.035042,1.0558181,1.0643705,1.122422,0.010140718,0.037234936,0.037558883,0.039172657,0.075751014,-0.0058800476,-0.010877107,-0.0040443996,-0.0027088502,-0.0026508681,0.84055144,0.7822346,0.40583625,0.37060016,0.37350738,0.0014996178,0.013904925,-0.017396312,-0.02509221,-0.044221353,1.0325338,1.1051301,1.1188916,1.1777253,1.2715832,0.9887359,0.9887359,0.9887359,0.9887359,0.9887359,1.0195167,1.086607,1.0903628,1.0983751,1.2044989,1.0010016,1.0072613,1.0170156,1.0217702,1.059829,0.2,0.1,0.05,0.033333335,0.016666668,0.25718367,0.09677555,0.08654336,0.059601817,0.039824,0.4,0.3,0.2,0.033333335,0.33333334,1.0,1.0,1.0,1.0,1.0,-0.6,-0.7,-0.8,-0.96666664,-0.6666667,0.81081456,-0.21898875,-0.07596392,-0.1465998,0.11234729,-0.18117225,-0.7892082,-0.18112248,-0.235248,-0.13407871,0.4,0.2,0.3,0.26666668,0.36666667,0.6,0.8,0.65,0.7,0.6,-0.2,-0.6,-0.35,-0.43333334,-0.23333333,0.35703358,0.103027746,0.41547662,0.35635787,0.44761768,0.64296645,0.89697224,0.5845234,0.6436421,0.55238235,-0.28593287,-0.79394454,-0.16904674,-0.28728426,-0.10476465,1.3388268,1.6970158,1.5492198,1.4882869,1.6671121,0.3015231,1.202899,0.8987234,0.7490558,0.7025397,0.7562241,2.3274043,1.7503505,1.5643704,1.6050013,0.06743583,0.4897574,0.50249225,0.4596476,0.48983604,0.93256414,0.5102426,0.49750775,0.5403524,0.51016396,-0.86512834,-0.02048521,0.004984512,-0.080704786,-0.020327913
SZ000538,-0.028864196371342125,0.125,,2026-04-24,-0.0003673365,0.0064279335,-0.057146903,0.0033057856,0.5142844,0.0027548112,0.42856872,-0.0009183109,-0.14286254,1.0003675,1.0036745,0.9972442,1.000121,1.0157999,1.0089984,0.99687386,1.0343516,1.0417024,1.0040411,1.0096627,1.014375,1.0195587,1.0274465,0.006527306,0.008760549,0.012615462,0.016076759,0.015308773,-0.0035275137,-0.0017769843,-0.0007463073,-0.0010840427,-0.00053376606,0.7301456,0.37715164,0.122489005,0.35236892,0.37078395,0.0030139096,-0.0016663645,-0.007285057,-0.0038400819,-0.011700353,1.0167174,1.0253532,1.0508922,1.0540133,1.069259,0.9965071,0.9965071,0.99025875,0.99025875,0.99025875,1.0106918,1.0166448,1.0243974,1.038289,1.0418135,0.9994484,1.0007339,1.0045916,1.0058045,1.0115379,0.4,0.2,0.15,0.13333334,0.06666667,0.17282708,0.12108706,0.1606577,0.15279314,0.1233064,0.2,0.3,0.3,0.2,0.2,0.8,0.9,0.05,0.36666667,0.68333334,-0.6,-0.6,0.25,-0.16666667,-0.48333332,-0.65050584,-0.31990504,0.4324507,0.06994394,0.11606182,-0.6889366,-0.13553022,0.30329046,-0.13180102,-0.10818601,0.4,0.4,0.5,0.46666667,0.45,0.6,0.6,0.5,0.5,0.53333336,-0.2,-0.2,0.0,-0.033333335,-0.083333336,0.1641858,0.4152739,0.5116049,0.4225536,0.44634253,0.8358142,0.5847261,0.48839507,0.5774464,0.5536575,-0.6716284,-0.16945218,0.02320986,-0.15489283,-0.10731494,0.9102221,0.8863937,0.9496821,0.9811558,1.0733794,0.20107982,0.17667219,0.26811242,0.3316828,0.38603908,0.9291058,0.81821615,1.2321054,1.5535269,1.3954057,0.5385022,0.49468938,0.47715873,0.49381527,0.4911605,0.46149778,0.50531065,0.5228413,0.50618476,0.5088395,0.07700446,-0.010621271,-0.04568256,-0.012369478,-0.017678954
SZ300413,-0.029213765773074177,0.25,,2026-04-24,-0.013397137,0.024401927,-0.54901963,0.0,0.0,0.011004792,0.4509804,-0.0023923458,-0.09803922,1.013579,1.013579,0.98884577,0.998554,1.0208448,1.0323642,0.9906747,1.0809106,1.2569939,1.0187603,1.0202962,1.0151124,1.024264,1.1174117,0.011155536,0.008383176,0.014072993,0.02733644,0.11418959,-0.0063905646,-0.0011702367,0.0010063564,-0.0013373782,-0.005770398,0.82042235,0.17862476,0.17897762,0.18549247,0.7788582,-0.005979158,-0.015030164,-0.024672844,-0.00487205,0.052814968,1.0363191,1.0363394,1.0415775,1.0973737,1.4402547,0.98884577,0.98884577,0.9772687,0.9772687,0.9772687,1.0258914,1.0268788,1.0268788,1.0353264,1.2440482,1.014701,1.0171146,1.0004388,1.0004388,1.0171146,0.2,0.1,0.2,0.2,0.1,0.23495755,0.2348575,0.3534711,0.18926172,0.049097158,0.8,0.3,0.5,0.1,0.23333333,1.0,1.0,0.05,0.36666667,0.68333334,-0.2,-0.7,0.45,-0.26666668,-0.45,-0.4768013,-0.26849335,0.5997643,0.015317197,0.8396719,0.11940138,0.4736596,0.56055474,0.28165448,0.41954288,0.2,0.3,0.45,0.4,0.4,0.8,0.7,0.55,0.6,0.5833333,-0.6,-0.4,-0.1,-0.2,-0.18333334,0.21212158,0.31901854,0.51789474,0.40563023,0.39378828,0.78787845,0.68098146,0.48210526,0.59436977,0.6062117,-0.57575685,-0.36196294,0.035789486,-0.18873954,-0.21242344,0.8628426,0.8401141,0.7890857,0.81820387,1.279372,0.1946471,0.14417072,0.19821304,0.20827319,0.8037253,1.0198143,0.6404944,1.0161468,0.9756452,1.6147332,0.5584502,0.5188993,0.5113304,0.5234033,0.49256513,0.44154975,0.48110065,0.48866954,0.4765967,0.50743484,0.116900496,0.037798688,0.022660911,0.046806585,-0.01486974
SH601318,-0.02971036111503899,0.25,,2026-04-24,0.0012129224,0.015768485,0.076920666,0.0032923413,0.2087925,0.011263221,0.7142868,0.009183802,0.582415,0.99878854,1.0032884,0.987539,0.99595606,1.0024304,1.0180072,0.9830424,1.066118,1.1396929,1.004695,1.0074735,1.0025712,1.0127652,1.0669502,0.0050661117,0.00747057,0.014627749,0.025745464,0.06366496,-0.0028888618,-0.0012155367,0.001140319,-0.0013473394,-0.0032357455,0.8129128,0.24268347,0.21269915,0.2122532,0.7878575,0.0010826283,-0.002003577,-0.013404302,0.0067712655,0.028504264,1.0229996,1.033561,1.0356604,1.0868753,1.1959419,0.987539,0.987539,0.9664421,0.9664421,0.9664421,1.006076,1.0136986,1.0160517,1.029894,1.1300375,1.0013698,1.0013698,0.98979235,0.99096334,1.0039328,0.2,0.2,0.4,0.33333334,0.16666667,0.35140392,0.2707623,0.4848127,0.27864325,0.1462219,0.4,0.3,0.5,0.1,0.21666667,1.0,1.0,0.1,0.4,0.7,-0.6,-0.7,0.4,-0.3,-0.48333332,0.3458561,-0.09709347,0.20239049,-0.030947791,0.46331704,0.40606216,-0.03283932,0.5706194,-0.08869197,-0.09853825,0.2,0.2,0.35,0.36666667,0.38333333,0.6,0.7,0.6,0.6,0.6,-0.4,-0.5,-0.25,-0.23333333,-0.21666667,0.44907352,0.38971564,0.5396129,0.41559723,0.41618618,0.55092645,0.6102844,0.46038714,0.5844028,0.58381385,-0.10185295,-0.22056875,0.079225734,-0.16880555,-0.16762766,1.0730071,1.0834454,1.142534,1.2120105,1.5383224,0.09192155,0.11095947,0.2895934,0.35812092,0.7793346,0.9980452,0.95763177,1.5034624,1.275001,1.4953706,0.41292632,0.43554676,0.41732383,0.49023908,0.48710257,0.5870737,0.56445324,0.5826762,0.5097609,0.51289743,-0.17414734,-0.12890647,-0.16535236,-0.019521823,-0.025794845
SH688009,-0.02973305559790699,0.25,,2026-04-24,-0.005596946,0.013059691,-0.42856652,0.0074627446,0.5714335,0.0,0.0,-0.013059691,-1.0,1.0056285,1.0131332,1.0,1.0035948,1.0092735,1.0293664,1.0525502,1.1684698,1.0278207,1.0037093,1.0068005,1.0194745,1.0394126,1.0557702,0.002807688,0.0048439647,0.018048288,0.040594894,0.04382822,-0.0003091108,-0.0012364774,-0.0024404153,-0.0038204908,-0.0008528472,0.030301956,0.59728533,0.63991684,0.6864315,0.1154874,-0.0030911532,-0.0012364247,0.0037094797,0.01598448,-0.030611191,1.0131332,1.0267179,1.0930376,1.1743093,1.1950754,0.9971395,0.99559146,0.99559146,0.99559146,0.99559146,1.005255,1.0098917,1.031221,1.0667697,1.0822257,1.0024729,1.0030911,1.0043277,1.0077279,1.0148376,0.2,0.1,0.05,0.033333335,0.016666668,0.17885236,0.14163384,0.045240894,0.024667675,0.02209979,1.0,0.1,0.15,0.033333335,0.48333332,0.4,0.4,0.7,0.8,0.9,0.6,-0.3,-0.55,-0.76666665,-0.41666666,0.12263754,-0.1592604,0.45806432,0.5050279,0.5821356,0.45411927,-0.14526089,0.10528996,0.09503299,0.40894905,0.4,0.3,0.35,0.3,0.38333333,0.6,0.7,0.6,0.6333333,0.5833333,-0.2,-0.4,-0.25,-0.33333334,-0.2,0.2857158,0.22857262,0.36290357,0.30877218,0.4849499,0.71428424,0.7714274,0.6370964,0.6912278,0.5150501,-0.42856845,-0.5428547,-0.27419287,-0.38245565,-0.03010025,0.9388391,1.0033538,1.2269427,1.3601654,1.5165328,0.13373953,0.21885505,0.52946454,0.50238,0.62349004,0.6842716,0.6755736,1.6692597,1.2565964,1.2674078,0.4964802,0.49289167,0.48977095,0.44901943,0.4841834,0.50351983,0.50710833,0.51022905,0.55098057,0.51581657,-0.007039618,-0.01421668,-0.020458076,-0.10196111,-0.031633195
SH601877,-0.03045459182496272,0.25,,2026-04-24,0.0065257885,0.020509636,0.31818157,0.007147373,0.34848854,0.006836474,0.33332986,0.006214889,0.3030229,0.9935165,1.007101,0.9867244,0.9939751,1.0040067,1.0352906,1.0658036,1.2627524,0.981199,1.0063801,1.0189397,1.0128448,1.038912,1.0237274,0.0074575916,0.01953191,0.02404933,0.046742193,0.08103626,-0.0036061178,-0.0047885273,5.874365e-05,-0.0037413195,0.0014233845,0.5845513,0.55096745,0.00020882569,0.49651587,0.09409912,0.0008321843,0.0026086005,-0.013402919,0.015337089,-0.06571722,1.0250008,1.0667397,1.069541,1.2750821,1.3007135,0.9867244,0.9867244,0.95435476,0.95435476,0.88392586,1.0092156,1.0332563,1.0332563,1.0746802,1.0727077,1.001726,1.003637,1.001726,1.0040067,0.9626445,0.2,0.1,0.2,0.13333334,0.4,0.34683558,0.16591363,0.39627334,0.1423179,0.27849707,0.8,0.3,0.05,0.033333335,0.48333332,1.0,1.0,0.35,0.56666666,0.11666667,-0.2,-0.7,-0.3,-0.53333336,0.36666667,0.6713501,0.47077978,0.5875228,0.8667872,0.7686094,-0.24922605,0.34301636,0.50988257,0.29526997,0.4335121,0.4,0.4,0.45,0.43333334,0.51666665,0.6,0.6,0.55,0.56666666,0.48333332,-0.2,-0.2,-0.1,-0.13333334,0.033333335,0.45357132,0.37754002,0.40120316,0.29983562,0.50708973,0.5464287,0.62246,0.59879684,0.7001644,0.4929103,-0.09285735,-0.24491997,-0.1975937,-0.40032876,0.014179415,1.2878664,1.5444722,1.4430529,1.8673884,1.9211375,0.18938746,0.47017074,0.3813075,0.8532203,0.9638802,0.81138366,0.920776,0.8066348,1.3601834,1.4528942,0.12265337,0.4346082,0.4582068,0.4243222,0.4836466,0.87734663,0.56539184,0.5417932,0.5756778,0.51635337,-0.75469327,-0.13078363,-0.08358642,-0.15135564,-0.032706793
SH601238,-0.030538860742727665,0.125,,2026-04-24,-0.009859214,0.0126760835,-0.7777808,0.0014084347,0.111109614,0.0014084347,0.111109614,-0.009859214,-0.7777808,1.0099574,1.0113798,0.99857754,1.0010184,1.0299449,1.034673,1.0299449,1.1182033,1.1639086,1.01513,1.0260836,1.0243499,1.0414762,1.0858945,0.010174347,0.013911562,0.012255815,0.034497436,0.052892383,-0.006225382,-0.0044368035,-0.00023581414,-0.0028079534,-0.0027621717,0.9359636,0.93239516,0.012957565,0.5134614,0.83179235,-0.002679277,-0.0061179306,-0.022109669,-0.0007609259,-0.0044103623,1.0316968,1.0490348,1.0490348,1.1370088,1.1937889,0.99857754,0.99857754,0.99857754,0.99857754,0.99857754,1.0215919,1.0379827,1.0351459,1.0486997,1.1317573,1.0081954,1.0171789,1.0146573,1.018282,1.0297872,0.2,0.1,0.05,0.033333335,0.016666668,0.042949557,0.028191376,0.028191376,0.0102755595,0.0072867638,0.2,0.2,0.6,0.1,0.05,1.0,1.0,1.0,1.0,1.0,-0.8,-0.8,-0.4,-0.9,-0.95,-0.8420645,-0.39937013,0.038077705,0.50616044,0.54891086,0.18432851,-0.18065123,0.45059428,0.16829616,0.1848803,0.0,0.3,0.45,0.43333334,0.45,1.0,0.7,0.55,0.56666666,0.55,-1.0,-0.4,-0.1,-0.13333334,-0.1,0.0,0.21052624,0.41666666,0.3106061,0.37286067,1.0,0.7894738,0.5833333,0.6893939,0.62713933,-1.0,-0.57894754,-0.16666667,-0.3787878,-0.25427866,0.85568297,0.8256585,0.9126166,1.0709096,1.2468749,0.17733452,0.1466984,0.23389123,0.34775275,0.49309835,0.7391445,0.63810426,1.0520436,1.1377466,0.98917866,0.67599493,0.50400084,0.51925373,0.5090218,0.47881418,0.32400504,0.49599913,0.48074627,0.49097818,0.5211858,0.3519899,0.008001719,0.038507458,0.01804364,-0.04237165
SZ002459,-0.031083987033907145,0.0,,2026-04-24,0.00092170207,0.019354858,0.047621228,0.004608289,0.23809469,0.013824866,0.71428406,0.01013828,0.5238106,0.99907917,1.0046041,0.985267,0.9947953,1.011194,0.9901628,1.0858209,1.192673,0.9993216,1.0113297,1.0120081,1.0088704,1.0553596,1.0859226,0.011333474,0.010435905,0.03400534,0.07383285,0.06570284,-0.0070217093,-0.0015871057,-0.0011234833,-0.006791656,-0.002207439,0.9596208,0.2120132,0.03820384,0.6557734,0.3442777,0.0027137203,-0.0048661493,0.0018026896,0.043119464,-0.02080319,1.0378997,1.0573862,1.1216972,1.2329985,1.2329985,0.985267,0.97725326,0.9328338,0.9328338,0.9328338,1.0194708,1.0194708,1.0272049,1.1409769,1.140502,1.0008141,1.0008141,0.99803257,1.0008141,1.011194,0.2,0.15,0.275,0.18333334,0.09166667,0.27992046,0.28386253,0.35563388,0.22376446,0.22376446,0.4,0.1,0.1,0.1,0.55,1.0,0.1,0.35,0.56666666,0.78333336,-0.6,0.0,-0.25,-0.46666667,-0.23333333,0.19048844,0.58763343,0.36659473,0.78048676,0.69963324,-0.008221417,0.61813426,0.4487005,0.4457493,0.626979,0.2,0.4,0.45,0.4,0.5,0.8,0.6,0.55,0.6,0.5,-0.6,-0.2,-0.1,-0.2,0.0,0.36800033,0.54061645,0.4090582,0.35099685,0.5002154,0.6319997,0.45938358,0.5909418,0.64900315,0.4997846,-0.26399937,0.081232876,-0.18188356,-0.2980063,0.0004308491,1.189508,1.3357431,1.7131609,2.3198953,2.668865,0.26717645,0.3945813,0.6184693,1.0853382,1.2035376,0.773164,1.316457,1.0472723,0.9302476,1.3291914,0.4013952,0.4468988,0.38762927,0.3937395,0.4928986,0.5986048,0.5531012,0.6123707,0.60626054,0.5071014,-0.19720958,-0.10620241,-0.22474146,-0.21252102,-0.01420278
SH601377,-0.0313519768482348,0.0,,2026-04-24,-0.0067682145,0.011844295,-0.5714324,0.001692027,0.14285585,0.003384054,0.2857117,-0.0050761877,-0.4285766,1.0068144,1.0085179,0.9965929,1.0023217,1.0187993,1.0224379,1.02547,1.1109763,1.1600971,1.013584,1.0195876,1.0099758,1.0288458,1.0916414,0.009765196,0.009618487,0.018935682,0.03566466,0.07182553,-0.0057610692,-0.002877784,0.0008321267,-0.0026058203,-0.0038355275,0.8701303,0.8205674,0.06759041,0.41372755,0.8697458,-0.0020618432,-0.0066376124,-0.01788097,0.008938605,0.02150664,1.0290214,1.0427392,1.053111,1.1178224,1.252304,0.9965929,0.9965929,0.95740646,0.95740646,0.95740646,1.0201334,1.0261977,1.02547,1.0533657,1.1689509,1.006792,1.0138265,0.99793816,1.006792,1.0187993,0.2,0.1,0.275,0.18333334,0.09166667,0.10506544,0.073833,0.4450527,0.26551944,0.14443505,0.6,0.2,0.5,0.1,0.05,1.0,1.0,0.35,0.56666666,0.78333336,-0.4,-0.8,0.15,-0.46666667,-0.73333335,0.99521095,0.9235834,0.20540062,-0.014189143,0.50888973,0.96763974,-0.0045060962,0.39722162,0.2109469,0.26275277,0.4,0.3,0.35,0.33333334,0.38333333,0.6,0.7,0.65,0.6666667,0.55,-0.2,-0.4,-0.3,-0.33333334,-0.16666667,0.26153892,0.31313106,0.45070422,0.36681226,0.39671355,0.7384611,0.6868689,0.5492958,0.6331877,0.60328645,-0.47692215,-0.37373784,-0.09859157,-0.26637545,-0.20657289,1.3802334,1.6092206,1.7888885,1.7209492,2.1475966,0.30892664,0.359803,0.7441478,0.64611423,1.1081187,0.32687622,0.49807325,1.4056956,1.2721015,1.3394588,0.2113421,0.1788252,0.4783809,0.48794007,0.48276433,0.7886579,0.8211748,0.5216191,0.5120599,0.5172357,-0.5773158,-0.6423496,-0.04323821,-0.024119835,-0.03447136
SH600460,-0.03242282482404206,0.0,,2026-04-24,0.012741201,0.024390265,0.52238876,0.00946489,0.38806012,0.002184175,0.0895511,0.0054604867,0.22387975,0.98741907,1.0093458,0.9852624,0.9988265,0.9683652,0.955428,0.93565035,1.0424117,1.1333557,0.9864868,0.9738689,0.9503804,0.9621518,1.0373013,0.010124739,0.015531856,0.030621525,0.038041174,0.08944462,0.0043851887,0.004559972,0.004298256,-0.0007578259,-0.00434913,0.46897405,0.79011273,0.68960273,0.030756209,0.7211011,0.0047428124,0.0056112446,0.008786155,0.048836626,0.090998076,1.0093458,1.0093458,1.0093458,1.047802,1.2573638,0.9622625,0.9421283,0.8878632,0.8878632,0.8878632,0.9939707,0.9852627,0.975345,0.9939707,1.12315,0.98116314,0.95830834,0.92970264,0.9339462,0.954708,1.0,1.0,1.0,0.8333333,0.41666666,0.80150473,0.8609617,0.9230687,0.7011234,0.30348203,1.0,1.0,1.0,0.033333335,0.1,0.4,0.1,0.3,0.53333336,0.76666665,0.6,0.9,0.7,-0.5,-0.6666667,0.8968629,0.8717397,0.75723493,0.54475737,0.8776675,0.7769647,0.6882911,0.60609096,0.34889814,0.4395332,0.6,0.6,0.55,0.5,0.45,0.4,0.3,0.4,0.46666667,0.53333336,0.2,0.3,0.15,0.033333335,-0.083333336,0.72913784,0.70804405,0.6143283,0.45833534,0.44982117,0.27086213,0.29195595,0.38567165,0.54166466,0.5501788,0.4582757,0.41608807,0.2286567,-0.083329335,-0.10035764,0.7653862,0.6631685,0.5859806,0.6012033,1.0605606,0.17421547,0.16709831,0.1625458,0.14400226,0.6925535,0.44449532,0.6607864,1.0013365,0.858342,1.567435,0.7764426,0.6929799,0.618937,0.5510019,0.46763414,0.22355743,0.30702013,0.38106298,0.44899812,0.53236586,0.5528852,0.3859597,0.23787403,0.10200376,-0.064731695
SH601816,-0.03334793490541012,0.125,,2026-04-24,-0.0020325119,0.0081300475,-0.25,0.0020325119,0.25,0.0040650237,0.5,0.0,0.0,1.0020367,1.0040733,0.9959267,0.99933964,1.0037736,1.0075471,1.0264151,1.035849,1.0,1.0071698,1.0056604,1.0166038,1.0210692,1.0160692,0.008159154,0.005695219,0.013627881,0.016501466,0.016450485,-0.0033962284,4.574558e-05,-0.0018811185,-0.001304175,0.0002456134,0.43315518,0.00059141015,0.6668739,0.48409256,0.06799023,-0.00037736294,-0.005866223,0.0012668548,-0.0021586444,-0.023314774,1.0289044,1.0289044,1.0485122,1.0593935,1.0593935,0.9959267,0.9956294,0.9956294,0.98952127,0.98083586,1.0101887,1.0060377,1.030566,1.034717,1.0320755,1.0015094,1.0033962,1.0037736,1.0037736,1.0,0.2,0.1,0.05,0.06666667,0.175,0.12351665,0.13134803,0.08264719,0.14996992,0.24395014,0.4,0.7,0.15,0.1,0.55,1.0,0.2,0.6,0.26666668,0.15,-0.6,0.5,-0.45,-0.16666667,0.4,0.7589916,0.72516453,0.28623527,0.22105893,-0.21767092,0.81829643,0.78526753,0.4307086,-0.07373622,0.11793869,0.4,0.3,0.4,0.43333334,0.48333332,0.6,0.5,0.5,0.46666667,0.43333334,-0.2,-0.2,-0.1,-0.033333335,0.05,0.4500005,0.4166668,0.3906253,0.4214878,0.5,0.5499995,0.5833332,0.6093747,0.5785122,0.5,-0.09999899,-0.16666639,-0.2187494,-0.15702437,0.0,1.2263012,1.1814015,1.1999538,1.3841947,1.7776108,0.33022067,0.23701479,0.20784658,0.39298868,0.7702575,0.94007236,1.335721,0.91841316,1.5284503,1.1883326,0.47284955,0.44212762,0.4422576,0.47833782,0.4704747,0.52715045,0.55787235,0.5577424,0.5216622,0.52952534,-0.054300904,-0.115744755,-0.1154848,-0.04332434,-0.05905064
SH600515,-0.03356134228287903,0.25,,2026-04-24,-0.0029239752,0.01754385,-0.16666667,0.0029239752,0.16666667,0.011695901,0.6666667,0.0058479505,0.33333334,1.0029325,1.0058651,0.9882698,0.9991192,1.0645162,1.0645162,1.0591398,1.1559141,1.3637993,1.0310036,1.0491936,1.0569445,1.0712067,1.1732527,0.033224303,0.029633053,0.024844997,0.03585831,0.11759252,-0.019892486,-0.008162273,-0.002362762,-0.0030220759,-0.006409064,0.89620304,0.6954741,0.3165411,0.55046886,0.906003,0.008781373,-0.012463346,-0.03449823,-0.027386619,0.01581466,1.0762464,1.088227,1.0943317,1.1704205,1.3840007,0.9882698,0.9882698,0.9882698,0.9882698,0.9882698,1.0650538,1.0672044,1.0740143,1.08638,1.3154123,1.0,1.018638,1.0421147,1.0566308,1.0645162,0.3,0.15,0.075,0.05,0.025,0.13333322,0.11735221,0.11059765,0.064398326,0.029641865,0.4,0.3,0.4,0.1,0.033333335,1.0,1.0,1.0,1.0,1.0,-0.6,-0.7,-0.6,-0.9,-0.96666664,-0.49805608,-0.6485692,-0.26950854,0.06339061,0.60766447,-0.700194,-0.47819188,0.22757474,0.05386231,-0.18457611,0.2,0.4,0.45,0.4,0.35,0.6,0.4,0.45,0.5,0.55,-0.4,0.0,0.0,-0.1,-0.2,0.038461655,0.18965527,0.398773,0.33269233,0.30849054,0.9615384,0.8103447,0.601227,0.6673077,0.6915095,-0.9230767,-0.62068945,-0.20245397,-0.33461532,-0.38301894,1.3549898,1.0919313,1.033301,1.1178993,1.3948455,0.61925036,0.5070247,0.39729333,0.3793302,0.52548057,1.4761862,1.769381,1.3492572,1.153982,1.1619222,0.52006865,0.53370076,0.506903,0.49822605,0.48730564,0.47993138,0.46629924,0.49309704,0.50177395,0.51269436,0.040137246,0.06740152,0.0138059445,-0.0035479348,-0.025388725
SH601838,-0.033999309675445566,0.25,,2026-04-24,0.01379693,0.024834456,0.555556,0.003311211,0.13333133,0.0077263145,0.3111127,0.018212033,0.73333734,0.9863908,1.0032661,0.97876966,0.99576914,0.93783575,0.9485802,0.9313123,0.9363008,0.85571754,0.9718342,0.9562548,0.9461435,0.9413149,0.9159439,0.021253929,0.021823544,0.01880143,0.017890984,0.03323179,0.012432847,0.0062187463,0.0025086694,0.0013163772,0.0017403042,0.8554661,0.7443318,0.62312216,0.41955987,0.83645517,0.0033001069,0.015760865,0.030024145,0.039597638,0.032717075,1.0032661,1.0032661,1.0032661,1.0032661,1.0032661,0.935098,0.9318484,0.9216119,0.9012486,0.84860575,0.9907904,0.96761316,0.95218724,0.9476592,0.9405986,0.95610124,0.93967766,0.93284726,0.93108207,0.880046,1.0,1.0,1.0,1.0,1.0,0.9520869,0.95426697,0.9600003,0.96798444,0.9788818,1.0,1.0,1.0,1.0,1.0,0.2,0.5,0.1,0.23333333,0.05,0.8,0.5,0.9,0.76666665,0.95,0.81572366,0.80168074,0.75583804,0.3888913,-0.3174025,0.87761325,0.69677603,0.73102224,0.3768916,0.41279337,0.8,0.6,0.6,0.53333336,0.53333336,0.2,0.4,0.4,0.46666667,0.46666667,0.6,0.2,0.2,0.06666667,0.06666667,0.930851,0.75572544,0.7312663,0.6351792,0.6595924,0.06914902,0.24427456,0.26873365,0.36482078,0.3404076,0.86170197,0.5114509,0.4625327,0.27035847,0.31918475,0.83916116,0.6479981,0.5859384,0.6288168,0.7958993,0.50700086,0.3987884,0.2949952,0.26073432,0.3696648,1.2787067,1.6453346,1.8283218,1.5660548,1.5849758,0.606212,0.5354241,0.54557496,0.52635,0.5028335,0.39378798,0.4645759,0.454425,0.47364995,0.4971665,0.21242404,0.07084826,0.09114998,0.052700084,0.005666967
SZ000768,-0.03401508697710824,0.125,,2026-04-24,-0.015728561,0.017798003,-0.8837261,0.0016555756,0.0930203,0.00041386698,0.023253562,-0.01697027,-0.9534929,1.0159799,1.0176619,0.99957955,1.0035933,1.0374494,1.0265124,1.0340804,1.1484302,1.2800646,1.0211221,1.0310923,1.0302867,1.0472032,1.1461127,0.015206516,0.014854632,0.016047468,0.03596757,0.106824405,-0.008832576,-0.0043517044,-0.000925708,-0.0029907313,-0.005465469,0.8434422,0.78669494,0.11646704,0.53583896,0.7983874,-0.003456895,-0.0115095945,-0.02149242,-0.0038375296,0.015118627,1.0509014,1.060158,1.0685492,1.1505499,1.3440038,0.99957955,0.99957955,0.997455,0.997455,0.997455,1.028026,1.0429862,1.0429862,1.061745,1.2630829,1.01414,1.0203701,1.0164933,1.0237391,1.0357405,0.2,0.1,0.05,0.033333335,0.016666668,0.008192997,0.006941081,0.035797544,0.016623655,0.007343834,0.8,0.3,0.15,0.033333335,0.016666668,1.0,1.0,0.35,0.56666666,0.78333336,-0.2,-0.7,-0.2,-0.53333336,-0.76666665,0.274388,-0.31125283,-0.0018435664,-0.015220416,0.8351459,0.75837165,0.44386393,0.30831143,-0.002713506,0.23832248,0.4,0.5,0.5,0.46666667,0.48333332,0.6,0.5,0.5,0.53333336,0.51666665,-0.2,0.0,0.0,-0.06666667,-0.033333335,0.15481514,0.3461757,0.42854226,0.3291369,0.38980255,0.84518486,0.6538243,0.57145774,0.6708631,0.6101974,-0.6903697,-0.30764863,-0.14291552,-0.3417262,-0.22039491,1.0344001,0.9095852,0.80241853,0.82033116,1.2745847,0.17438361,0.20292376,0.19304068,0.18297148,0.57738805,0.7698878,0.9603811,0.82562673,0.94051945,1.2544105,0.62013376,0.55076176,0.5358915,0.45001617,0.4613359,0.3798662,0.44923824,0.46410853,0.5499838,0.5386641,0.24026754,0.1015235,0.07178295,-0.09996763,-0.07732818
SH601211,-0.034291166869395456,0.125,,2026-04-24,0.00059840106,0.017354837,0.034480363,0.0029922314,0.17241484,0.013764204,0.79310477,0.011370374,0.6551703,0.999402,1.0029905,0.985646,0.99446434,1.0155902,1.0236081,1.0022272,1.0824054,1.1906458,1.0038308,1.0130067,1.0049666,1.0178026,1.0869117,0.0033570568,0.010365432,0.015056431,0.026540965,0.07834276,-0.0015590263,-0.0032341245,0.0008329269,-0.0017586482,-0.0042048427,0.5391747,0.8923805,0.107111886,0.340272,0.87862116,-0.0007127089,0.0015468554,-0.01287943,0.0076978453,0.037131175,1.0214678,1.041843,1.041843,1.0983149,1.219911,0.985646,0.985646,0.9723708,0.9723708,0.9723708,1.0053452,1.024588,1.0204009,1.0324275,1.183608,1.0014254,1.0035635,0.9915368,0.9996437,1.0080179,0.2,0.1,0.35,0.23333333,0.11666667,0.40070632,0.25542286,0.3977011,0.21937671,0.11161498,0.2,0.4,0.7,0.1,0.05,1.0,1.0,0.35,0.56666666,0.78333336,-0.8,-0.6,0.35,-0.46666667,-0.73333335,0.6148958,0.10042319,0.58634317,0.06740272,0.16879976,0.5349401,0.4627007,0.6217782,0.24177174,0.06219006,0.2,0.3,0.35,0.36666667,0.38333333,0.8,0.7,0.65,0.6333333,0.6166667,-0.6,-0.4,-0.3,-0.26666668,-0.23333333,0.12766019,0.23232345,0.4948454,0.38276297,0.3565684,0.8723398,0.76767653,0.5051546,0.61723703,0.6434316,-0.74467963,-0.53535306,-0.010309214,-0.23447408,-0.2868632,1.1269381,1.1157233,1.0591627,1.0327101,1.0743765,0.18177235,0.22269493,0.42816997,0.37820402,0.39594683,0.63053966,0.6010321,1.7128685,1.4932914,1.3305256,0.4856958,0.33632284,0.4956037,0.51153487,0.49229074,0.5143042,0.66367716,0.50439626,0.4884651,0.50770926,-0.028608406,-0.32735428,-0.008792568,0.023069777,-0.015418504
SH600372,-0.034343751893238156,0.25,,2026-04-24,-0.014514878,0.019098537,-0.7599995,0.00076390273,0.039997973,0.0038197557,0.20000254,-0.011459026,-0.59999496,1.0147287,1.0155038,0.99612397,1.0009811,1.0262702,1.0061958,0.9952911,1.1301115,1.2109046,1.0215118,1.0227757,1.0134077,1.0219661,1.118831,0.014174569,0.0107498085,0.014463877,0.029955735,0.104189046,-0.008574969,-0.0010198606,0.0012305862,-0.0012601082,-0.0053567197,0.91492486,0.08250715,0.25335103,0.13713786,0.80622,-0.0043618125,-0.018186308,-0.025098221,-0.003694528,0.039192207,1.0479738,1.0489372,1.0489372,1.1217993,1.3092322,0.99612397,0.99612397,0.9806764,0.9691099,0.9691099,1.0287484,1.0281535,1.0262702,1.0307311,1.2340025,1.0142751,1.016456,1.0013382,1.0013382,1.0109046,0.2,0.1,0.15,0.16666667,0.083333336,0.074754804,0.07339107,0.28308514,0.20230679,0.09082061,0.4,0.3,0.65,0.033333335,0.083333336,1.0,1.0,0.05,0.23333333,0.6166667,-0.6,-0.7,0.6,-0.2,-0.53333336,0.55467385,0.45333776,0.6413431,0.42918852,0.8706147,0.4845906,0.4008641,0.5707916,0.09537682,0.2935984,0.2,0.5,0.55,0.46666667,0.48333332,0.8,0.5,0.45,0.53333336,0.51666665,-0.6,0.0,0.1,-0.06666667,-0.033333335,0.24271856,0.4592836,0.5122267,0.3505977,0.41726622,0.7572814,0.5407164,0.48777333,0.6494023,0.5827338,-0.5145629,-0.081432834,0.02445337,-0.29880458,-0.16546759,1.1515772,1.2100883,1.1448456,1.2449553,2.2514975,0.17867821,0.23586763,0.22991557,0.2778268,1.4578581,0.5771915,0.8343633,1.0032893,1.033235,1.509716,0.46838433,0.46893096,0.49428338,0.4282659,0.4532437,0.5316157,0.53106904,0.5057166,0.5717341,0.54675627,-0.063231364,-0.06213807,-0.011433253,-0.1434682,-0.09351258
SH600905,-0.03517546783894228,0.0,,2026-04-24,-0.009638647,0.014457919,-0.6666691,0.0024096358,0.16666546,0.0024096358,0.16666546,-0.009638647,-0.6666691,1.0097325,1.0121655,0.99756694,1.0025282,0.9977012,1.0,1.0965518,1.0919541,1.0091954,1.0004598,1.0,1.0108047,1.0299617,1.0228736,0.0057240822,0.0040547797,0.024215307,0.036012992,0.03250632,0.0016091856,0.00022291866,-0.0027067685,-0.0032194145,0.00021187232,0.19757888,0.02770574,0.43731093,0.61935127,0.012957244,-0.0036781684,-0.0010031654,0.014909663,0.016719783,-0.029123839,1.0121655,1.0121655,1.0901937,1.1371295,1.1371295,0.9925679,0.9925679,0.9905348,0.9905348,0.9882353,1.0036782,1.0022988,1.0183909,1.0634484,1.0551724,0.99540234,0.99724144,0.99724144,0.9977012,0.9977012,0.6,0.6,0.475,0.31666666,0.35,0.37923464,0.37923464,0.09497589,0.06456708,0.07901383,1.0,1.0,0.05,0.3,0.65,0.4,0.7,0.35,0.56666666,0.15,0.6,0.3,-0.3,-0.26666668,0.5,0.9049609,0.6993819,0.7097241,0.88196295,0.87610954,0.9064103,0.8454688,0.28380677,0.35278937,0.4355943,0.4,0.3,0.25,0.3,0.4,0.6,0.5,0.55,0.56666666,0.46666667,-0.2,-0.2,-0.3,-0.26666668,-0.06666667,0.52941084,0.5,0.20833308,0.35074595,0.49019605,0.4705892,0.5,0.7916669,0.649254,0.50980395,0.058821637,0.0,-0.58333385,-0.29850808,-0.019607905,1.0679952,0.9305508,1.2565742,1.8323213,1.6452253,0.3812661,0.30639377,0.63337225,1.1029698,1.0662627,0.8573174,1.3422642,1.3428818,1.3433235,1.6654745,0.4951519,0.5240441,0.3707041,0.39570802,0.49945304,0.50484806,0.47595587,0.6292959,0.604292,0.50054693,-0.009696168,0.048088253,-0.2585918,-0.20858397,-0.0010939144
SZ300498,-0.035535620229987734,0.125,,2026-04-24,-0.016239852,0.023735162,-0.6842107,0.0031231327,0.13158253,0.0043721762,0.18420672,-0.014990808,-0.63158655,1.016508,1.0196826,0.99555564,1.0044149,1.0686419,1.0475214,1.0589616,1.1135231,0.9923732,1.0373718,1.059783,1.0578029,1.0675272,1.0400362,0.027221235,0.031047646,0.023298498,0.026011033,0.042126056,-0.0153417615,-0.008661569,-0.0010006687,-0.001823219,0.0015331091,0.7940994,0.71342313,0.06456437,0.38077125,0.4039656,-0.006688181,-0.020805912,-0.048296567,-0.041090507,-0.08526294,1.0843071,1.1046618,1.1046618,1.1350989,1.1350989,0.99555564,0.99555564,0.99555564,0.99555564,0.9613346,1.0590789,1.0902904,1.0701087,1.0916399,1.0766795,1.0136111,1.0444705,1.0445292,1.050572,0.99888533,0.2,0.1,0.05,0.033333335,0.24166666,0.050076384,0.040734187,0.040734187,0.03184927,0.22251625,0.2,0.2,0.6,0.1,0.55,1.0,1.0,1.0,1.0,0.083333336,-0.8,-0.8,-0.4,-0.9,0.46666667,-0.27963573,0.20072477,0.22476105,0.21270259,0.14589004,0.58614254,0.6591599,0.62409335,0.3743303,0.5224179,0.2,0.3,0.35,0.36666667,0.45,0.8,0.7,0.65,0.6333333,0.55,-0.6,-0.4,-0.3,-0.26666668,-0.1,0.09090909,0.34716967,0.40545622,0.3586559,0.5050622,0.90909094,0.65283036,0.5945438,0.64134413,0.49493775,-0.8181818,-0.30566067,-0.1890876,-0.28268823,0.010124486,1.0711403,1.1423504,0.9992327,1.0274402,1.1386561,0.31352752,0.3259594,0.29986483,0.3060856,0.4484429,1.09398,0.99685895,0.89586335,0.99717855,1.1251922,0.5827136,0.5514115,0.53370076,0.44536602,0.49735448,0.41728643,0.44858852,0.4662992,0.554634,0.50264555,0.16542718,0.10282296,0.06740158,-0.10926798,-0.005291057
SH601236,-0.03600975169826176,0.25,,2026-04-24,-0.0065189237,0.011734011,-0.555558,0.0026075435,0.22222099,0.0026075435,0.22222099,-0.0065189237,-0.555558,1.0065618,1.0091864,0.99737537,1.0007988,1.0209022,1.0165017,1.0286028,1.0440044,1.0803081,1.010341,1.0162816,1.009956,1.0233223,1.0441327,0.007566025,0.00822922,0.014574852,0.02435095,0.029395863,-0.004510462,-0.0023869106,0.00040447715,-0.0017606656,-0.0014455488,0.88847756,0.7711988,0.026955523,0.4051572,0.7375525,-0.0013201246,-0.0055405567,-0.013798546,0.0022072978,-0.0014890765,1.0235265,1.0368643,1.0373688,1.0844231,1.0925877,0.99737537,0.99737537,0.9778235,0.9778235,0.9778235,1.0138614,1.0213422,1.0209022,1.0413642,1.0726073,1.0061606,1.010341,0.9988999,1.0072607,1.0182618,0.2,0.1,0.25,0.16666667,0.083333336,0.10036462,0.066465445,0.37243143,0.20803578,0.19323541,0.2,0.3,0.05,0.13333334,0.16666667,1.0,1.0,0.35,0.56666666,0.78333336,-0.8,-0.7,-0.3,-0.43333334,-0.6166667,0.0013936862,0.4735068,0.113161564,0.60391223,0.46614695,-0.4690097,-0.4238465,0.6617413,0.41858327,0.3305636,0.2,0.4,0.45,0.46666667,0.45,0.6,0.5,0.5,0.46666667,0.48333332,-0.4,-0.1,-0.05,0.0,-0.033333335,0.04761999,0.3170738,0.4207317,0.42481208,0.42013127,0.95238,0.6829262,0.57926834,0.5751879,0.57986873,-0.90476,-0.3658524,-0.15853664,-0.15037586,-0.15973745,1.1159885,1.2032048,1.592278,1.9838947,2.0619175,0.15163204,0.1608507,0.60884714,0.8737014,0.79487944,0.94154173,0.6614164,1.2223958,1.2427888,1.1919609,0.40516126,0.14335263,0.45154494,0.48314148,0.4883934,0.59483874,0.8566474,0.54845506,0.5168585,0.5116066,-0.18967748,-0.71329474,-0.09691011,-0.03371701,-0.023213206
SH601881,-0.03630314202723515,0.125,,2026-04-24,-0.010358491,0.015139473,-0.6842042,0.0015936866,0.10526698,0.0031872946,0.21052878,-0.0087648835,-0.5789425,1.0104669,1.0120773,0.9967793,1.001206,1.0400815,1.0475543,1.0611413,1.1345109,1.2377717,1.018614,1.032269,1.0339674,1.0566802,1.1241281,0.013343601,0.017169127,0.023132505,0.041810367,0.078959845,-0.008355972,-0.005389493,-0.0015241922,-0.0038301912,-0.004353923,0.9803654,0.90325606,0.15195052,0.6503912,0.92736083,-0.0019021564,-0.008016275,-0.019487543,-0.0011424524,0.0043125893,1.0417666,1.0590818,1.0919138,1.1605849,1.247987,0.9967793,0.9967793,0.99355876,0.99355876,0.99355876,1.0271739,1.0461956,1.0464673,1.0904891,1.216712,1.0097826,1.01875,1.0160326,1.0201087,1.0417119,0.2,0.1,0.075,0.05,0.025,0.07159028,0.05169393,0.06548957,0.038564224,0.025316492,0.2,0.3,0.05,0.1,0.016666668,1.0,1.0,0.35,0.56666666,0.78333336,-0.8,-0.7,-0.3,-0.46666667,-0.76666665,0.32281187,-0.04237374,0.21302752,0.030101623,0.11863343,0.5795332,-0.075408556,0.14196883,0.054709774,0.030004263,0.0,0.1,0.25,0.26666668,0.31666666,1.0,0.9,0.75,0.7,0.6166667,-1.0,-0.8,-0.5,-0.43333334,-0.3,0.0,0.10227311,0.39234444,0.33928573,0.33075434,1.0,0.8977269,0.6076555,0.66071427,0.66924566,-1.0,-0.7954538,-0.2153111,-0.32142854,-0.33849132,1.2532427,1.2227005,1.4451725,1.4053453,1.4366815,0.27966118,0.25698096,0.635819,0.5530263,0.5523032,0.28685734,0.5325838,1.5629102,1.5182489,1.5131993,0.4222707,0.28669578,0.49746087,0.5023381,0.4926211,0.57772934,0.7133042,0.5025391,0.4976619,0.5073789,-0.15545866,-0.4266084,-0.005078239,0.004676227,-0.014757789
SH600930,-0.036685165934204934,0.25,,2026-04-24,-0.026438583,0.0326594,-0.8095244,0.0,0.0,0.0062208194,0.19047561,-0.020217763,-0.6190488,1.0271566,1.0271566,0.99361026,1.0073633,0.9602544,0.9618442,1.1558028,1.0254371,0.9570747,0.9863275,0.9755167,0.9836248,1.0233175,0.9920509,0.02365049,0.019603556,0.030754844,0.068288274,0.058991153,0.011605727,0.004412972,-0.0019723387,-0.0053597796,0.0010387093,0.6020109,0.46451965,0.14394745,0.4774229,0.094561435,-0.009538966,0.0046249344,0.035112422,0.05439937,-0.022692794,1.0366406,1.0366406,1.1257862,1.2595357,1.2595357,0.9505829,0.9505829,0.9505829,0.9505829,0.93958664,1.0041336,0.982194,1.000636,1.0833068,1.0213037,0.9685215,0.963434,0.963434,0.963434,0.95071536,0.8,0.9,0.8,0.53333336,0.73333335,0.57423186,0.57423186,0.2820558,0.15995029,0.18882185,0.8,0.9,0.05,0.3,0.65,0.4,0.7,0.85,0.9,0.2,0.4,0.2,-0.8,-0.6,0.45,0.92165524,0.9430829,0.9003452,0.90562814,0.88011205,0.93959445,0.9194399,0.68314296,0.7298256,0.6690379,0.6,0.4,0.3,0.36666667,0.43333334,0.4,0.5,0.65,0.6,0.48333332,0.2,-0.1,-0.35,-0.23333333,-0.05,0.70491797,0.66666645,0.28125,0.48237887,0.52389383,0.29508203,0.33333352,0.71875,0.5176211,0.4761062,0.40983596,0.33333293,-0.4375,-0.035242237,0.04778762,0.9377385,0.68947834,0.8563774,1.5065317,0.9684597,0.5269007,0.4397103,0.5454218,1.0879484,0.9680431,1.4075253,1.993717,1.7047621,1.2827182,1.8776672,0.5989447,0.572859,0.34674364,0.48354965,0.51721966,0.4010553,0.42714104,0.65325636,0.51645035,0.48278034,0.1978894,0.14571793,-0.30651274,-0.032900665,0.034439348
SH601390,-0.037357871252644496,0.125,,2026-04-24,-0.0057251942,0.009541969,-0.60000134,0.0,0.0,0.0038167748,0.39999864,-0.0019084195,-0.2000027,1.0057582,1.0057582,0.9961612,0.99947506,1.0201613,1.0094086,1.0336021,1.1330645,1.0510752,1.0094086,1.011828,1.0174731,1.0358871,1.0703853,0.0069840876,0.006233881,0.015287664,0.03555267,0.056329418,-0.0043010823,-0.0008960543,-0.0015724794,-0.003326575,-0.0017044008,0.94814813,0.18939263,0.37030172,0.67850316,0.27923685,-0.0008064562,-0.0077957194,-0.002534574,0.012348234,-0.020105483,1.0199635,1.0262948,1.0621837,1.1647298,1.2405132,0.9961612,0.9961612,0.99347603,0.99347603,0.99347603,1.016129,1.016129,1.027957,1.0548387,1.130914,1.0043011,1.0064516,1.0064516,1.008871,1.016129,0.2,0.1,0.15,0.1,0.05,0.16127706,0.12739117,0.09495268,0.038095396,0.0264089,0.2,0.3,0.2,0.033333335,0.31666666,1.0,1.0,0.35,0.56666666,0.78333336,-0.8,-0.7,-0.15,-0.53333336,-0.46666667,0.12545224,0.37079048,0.52012515,0.7642164,0.7239978,-0.7435349,0.28305387,0.24112718,-0.10446096,0.5483792,0.0,0.4,0.45,0.4,0.43333334,0.8,0.5,0.45,0.53333336,0.51666665,-0.8,-0.1,0.0,-0.13333334,-0.083333336,0.0,0.37036997,0.38938063,0.2928869,0.47785547,1.0,0.62963,0.61061937,0.7071131,0.5221445,-1.0,-0.25926006,-0.22123872,-0.4142262,-0.044289045,1.1144488,1.2054507,1.5064632,1.9659286,3.5334544,0.12579516,0.16938041,0.48725837,0.97500616,2.8351548,0.6352023,0.6850352,1.3554271,1.4150624,2.077825,0.3054627,0.42813113,0.43866006,0.437407,0.49732667,0.6945373,0.57186884,0.56134,0.56259304,0.5026733,-0.3890746,-0.1437377,-0.122679904,-0.12518604,-0.0053466605
SH600760,-0.03738402470393155,0.125,,2026-04-24,-0.018646069,0.020672953,-0.9019548,0.00020274513,0.009807265,0.0018241375,0.08823788,-0.017024677,-0.82352424,1.0190004,1.019207,0.9981412,1.0025177,1.0518328,1.0061985,0.98636734,1.0935543,1.2292627,1.0256878,1.0398126,1.0194902,1.0190979,1.0849745,0.01816971,0.020367092,0.026273372,0.028291745,0.073114045,-0.011194378,-0.0062352046,0.0023011146,0.00038923055,-0.0034584256,0.9489514,0.8591221,0.26848063,0.014668851,0.6824252,-0.0032990226,-0.011754138,-0.04135087,-0.024741823,0.017048998,1.0563829,1.077645,1.077645,1.0937551,1.2688283,0.9981412,0.9981412,0.9683961,0.9543567,0.9543567,1.0351852,1.0537314,1.046915,1.0497735,1.1515445,1.0150247,1.0265568,0.9961079,0.9875617,1.0104818,0.2,0.1,0.35,0.36666667,0.18333334,0.031915233,0.02338,0.28928363,0.32743084,0.14514303,0.2,0.1,0.55,0.033333335,0.016666668,1.0,1.0,0.05,0.23333333,0.6166667,-0.8,-0.9,0.5,-0.2,-0.6,0.64878684,0.71647114,0.7877006,0.44218796,0.49917793,0.7022605,0.8831821,0.7225601,0.4394232,0.389382,0.0,0.2,0.35,0.33333334,0.38333333,1.0,0.8,0.65,0.6666667,0.6166667,-1.0,-0.6,-0.3,-0.33333334,-0.23333333,0.0,0.4787999,0.52493227,0.398734,0.38440943,1.0,0.5212001,0.47506773,0.601266,0.6155906,-1.0,-0.042400185,0.049864504,-0.20253202,-0.23118116,1.2619834,1.4938952,1.2279366,1.2396092,1.4081908,0.21301575,0.5703984,0.54750323,0.49903452,0.6107666,0.68401426,1.8890942,1.8142861,1.509585,1.464445,0.35648593,0.4778513,0.50641453,0.49500775,0.48883167,0.6435141,0.52214867,0.4935855,0.50499225,0.5111683,-0.28702816,-0.04429739,0.0128290085,-0.0099845,-0.022336654
SH603501,-0.03978238691841176,0.375,,2026-04-24,0.031111108,0.049322505,0.630769,0.017344156,0.35164788,0.00086724194,0.017583087,0.014634195,0.2967042,0.9698276,1.0168208,0.9689865,0.9936252,0.9781496,1.0024447,1.0513408,1.1861105,1.3711514,0.98487276,0.98504084,0.9917526,1.0289836,1.1390365,0.011233671,0.010593699,0.028338555,0.06447457,0.124810964,0.0023836799,-0.00034078775,-0.0019052334,-0.0060880883,-0.006819097,0.11256217,0.0094860215,0.15820093,0.6910139,0.91043323,0.0103598535,0.016492683,0.026347108,0.059293665,0.062126763,1.0168208,1.0168208,1.0679241,1.1897895,1.3862184,0.9632318,0.9632318,0.94214135,0.94214135,0.94214135,0.9922989,0.9955535,1.0026587,1.0785545,1.239132,0.9753075,0.9753075,0.9716097,0.9777523,0.9966536,1.0,1.0,0.75,0.5,0.25,0.6861142,0.6861142,0.45998856,0.23363239,0.13028966,1.0,1.0,0.05,0.033333335,0.016666668,0.4,0.7,0.3,0.53333336,0.76666665,0.6,0.3,-0.25,-0.5,-0.75,0.864199,0.120437026,-0.47300684,-0.5292345,0.0069841123,0.8867006,0.383723,-0.12832446,-0.13280594,-0.018885365,0.6,0.4,0.45,0.36666667,0.43333334,0.4,0.6,0.55,0.6333333,0.56666666,0.2,-0.2,-0.1,-0.26666668,-0.13333334,0.6393762,0.49074084,0.42869276,0.33764333,0.33532205,0.36062375,0.50925916,0.57130724,0.6623567,0.6646779,0.27875248,-0.0185183,-0.14261447,-0.32471335,-0.32935587,0.60985965,0.5465228,0.48530406,0.43353713,0.43387038,0.22061871,0.17755274,0.17676537,0.1669784,0.1783308,0.9287783,0.9972431,1.0913478,1.0772221,1.1430814,0.85221326,0.7240433,0.629276,0.5982839,0.5240385,0.14778677,0.2759567,0.37072402,0.40171614,0.47596154,0.70442647,0.44808665,0.25855196,0.19656773,0.04807695
SH600600,-0.0398002148066223,0.0,,2026-04-24,-0.0038760065,0.006782919,-0.57143635,0.00096894614,0.1428509,0.0019379663,0.28571272,-0.0029069865,-0.42857453,1.0038911,1.0048639,0.9980545,1.0009203,1.0043569,1.011328,1.0084524,1.0248345,1.0027884,1.0034506,1.0046358,1.0116329,1.0135994,1.0102562,0.0021772336,0.0024067324,0.010361368,0.012022002,0.013022433,-0.0007929648,-0.0005502944,-0.0010243022,-0.0006884225,0.00014260273,0.33161777,0.47923222,0.34205037,0.25413132,0.0365739,-0.0018647508,-0.002159438,-0.0019021052,-0.0036172736,-0.014462974,1.0100801,1.0125142,1.0466871,1.0466871,1.0466871,0.9980545,0.9980545,0.9949753,0.9759753,0.97278005,1.0051411,1.0056292,1.021924,1.0245556,1.0223423,1.0023702,1.0035901,1.0038863,1.0042697,1.0027362,0.2,0.1,0.05,0.06666667,0.18333334,0.16177997,0.13454622,0.09716645,0.33975556,0.36829957,0.8,0.2,0.3,0.53333336,0.76666665,1.0,1.0,0.05,0.26666668,0.083333336,-0.2,-0.8,0.25,0.26666668,0.68333334,0.38940018,0.1626158,0.82419705,0.5120608,0.21599153,0.853332,0.12684599,0.5719117,0.023483334,0.28440514,0.4,0.4,0.4,0.4,0.45,0.6,0.6,0.6,0.6,0.55,-0.2,-0.2,-0.2,-0.2,-0.1,0.31883922,0.25925693,0.46243206,0.44084668,0.49725556,0.68116075,0.7407431,0.537568,0.5591533,0.50274444,-0.36232153,-0.48148617,-0.07513591,-0.11830664,-0.0054888655,1.0568553,1.1058207,1.4467075,1.613452,1.7059872,0.16963471,0.19994126,0.46898127,0.53491527,0.6957718,0.6515411,0.847624,1.3419988,1.387821,2.088931,0.53260076,0.37531367,0.47598827,0.47796208,0.4882833,0.46739924,0.62468636,0.52401173,0.5220379,0.5117167,0.0652015,-0.24937268,-0.04802348,-0.044075835,-0.023433404
SH601901,-0.040259684925872626,0.25,,2026-04-24,-0.005722502,0.01287554,-0.44444752,0.002861251,0.22222376,0.0042917873,0.33332872,-0.0042919656,-0.33334255,1.0057554,1.0086331,0.9956835,1.0002469,1.0120643,1.0227882,0.98793566,1.0643432,1.1300268,1.0077748,1.0152816,1.0042225,1.0133601,1.0585791,0.0046821027,0.009503887,0.016625132,0.026515633,0.053543873,-0.0024128703,-0.0028759446,0.0016640106,-0.0010941566,-0.0027945654,0.6639358,0.8394019,0.3506307,0.13196437,0.8308236,-0.0029490576,-0.0023397512,-0.020030633,0.0025051145,0.023860577,1.0193503,1.032759,1.0400505,1.0801644,1.1609627,0.9956835,0.9956835,0.97155964,0.97155964,0.97155964,1.0109919,1.0246649,1.0227882,1.0292225,1.1155497,1.0064343,1.0080429,0.9903486,0.9903486,1.0064343,0.2,0.1,0.45,0.4,0.2,0.18238604,0.11642434,0.4152433,0.2618701,0.15015785,0.6,0.4,0.5,0.1,0.083333336,1.0,1.0,0.25,0.5,0.75,-0.4,-0.6,0.25,-0.4,-0.6666667,0.6922989,0.24554873,0.016077496,-0.21142237,0.35736227,0.8346491,0.09711782,0.55571616,0.13160591,0.0573423,0.2,0.2,0.35,0.36666667,0.4,0.6,0.6,0.55,0.56666666,0.51666665,-0.4,-0.4,-0.2,-0.2,-0.11666667,0.15384497,0.2068967,0.5328467,0.39830512,0.38083538,0.84615505,0.7931033,0.46715328,0.6016949,0.61916465,-0.69231004,-0.58620656,0.06569341,-0.2033898,-0.23832926,1.2292035,1.2710165,1.5071496,1.5194035,1.7846612,0.22137865,0.18804732,0.5296816,0.4912938,0.8914416,0.7424884,1.0323416,1.2772336,1.352648,1.2690313,0.34887984,0.22492747,0.47733617,0.49162018,0.47746474,0.6511202,0.7750725,0.52266383,0.5083798,0.52253526,-0.3022403,-0.5501451,-0.04532764,-0.016759617,-0.04507054
SH600845,-0.04067189008059826,0.125,,2026-04-24,-0.0017316471,0.030303007,-0.0571444,0.0073592877,0.24285668,0.021212071,0.6999989,0.012121137,0.39999783,1.0017346,1.0091068,0.9787511,0.9937913,0.9939231,0.9722442,0.9167326,1.0320803,1.0208027,0.99409837,0.9915828,0.98858964,0.9744526,0.99493504,0.016302181,0.016402712,0.020675287,0.033789564,0.036938198,0.006201241,0.002370453,0.00044364642,0.0016973322,-0.00076614146,0.3617477,0.19144447,0.01611532,0.1955556,0.13120985,-0.0065008537,-0.002249868,0.0071957414,0.0009360561,0.027666163,1.0234116,1.0255752,1.0463809,1.0463809,1.0680841,0.95314765,0.95314765,0.90285915,0.8820522,0.8820522,1.0049406,1.0049406,1.0041605,1.0006049,1.0321652,0.9852572,0.9734596,0.97294515,0.9440475,0.971368,0.6,0.7,0.75,0.8,0.53333336,0.6668051,0.64688605,0.6768375,0.7177557,0.6340192,0.8,0.4,0.1,0.4,0.46666667,0.4,0.7,0.05,0.26666668,0.6333333,0.4,-0.3,0.05,0.13333334,-0.16666667,0.49545452,0.7692576,0.59693694,0.4084922,0.5413859,0.4287499,0.81069744,0.7296633,0.57103574,0.57505715,0.4,0.5,0.45,0.4,0.45,0.6,0.5,0.55,0.6,0.53333336,-0.2,0.0,-0.1,-0.2,-0.083333336,0.5398001,0.58041275,0.58922946,0.4798951,0.49206245,0.4601999,0.41958725,0.41077054,0.5201049,0.50793755,0.07960022,0.16082546,0.17845894,-0.040209796,-0.015875107,1.2157154,1.1607006,1.180339,1.1904664,1.2786624,0.34362897,0.42090398,0.5143891,0.4650714,0.4553023,1.1189449,1.17086,1.3776978,1.1466438,1.1621462,0.5199617,0.5142018,0.51765466,0.50325686,0.48930064,0.4800383,0.48579818,0.4823453,0.4967431,0.51069933,0.039923415,0.02840364,0.035309363,0.0065137614,-0.021398718
SZ300122,-0.04070711407275918,0.0,,2026-04-24,-0.004037699,0.0282638,-0.14285761,0.014804773,0.52380687,0.009421329,0.33333552,-0.009421143,-0.33332896,1.0040541,1.0189189,0.9905405,1.0009668,1.0452378,1.0627853,0.9986813,1.1168475,1.1452479,1.0220306,1.0399228,1.0449538,1.0489095,1.1026016,0.0169662,0.023415564,0.023983723,0.03140193,0.07159602,-0.010061868,-0.0068136463,-0.0009662541,-0.001293025,-0.0034748665,0.87928176,0.77617806,0.056809057,0.13140227,0.718453,-0.0019068766,-0.009261481,-0.035774406,-0.03016073,-9.308978e-05,1.0554296,1.0844076,1.0865169,1.1229833,1.378373,0.9905405,0.9905405,0.97633505,0.97633505,0.97633505,1.0337965,1.0610813,1.0650978,1.0750177,1.1677046,1.0064915,1.0259662,1.0254184,1.0214626,1.0384825,0.2,0.1,0.05,0.1,0.05,0.14577976,0.100775756,0.21478087,0.1613721,0.058862444,0.4,0.3,0.2,0.1,0.05,1.0,1.0,0.05,0.36666667,0.68333334,-0.6,-0.7,0.15,-0.26666668,-0.6333333,-0.75998676,0.4441926,0.57059926,0.17587245,0.5607887,-0.8602532,0.24422881,0.60816246,0.323239,0.56779224,0.2,0.2,0.4,0.33333334,0.43333334,0.8,0.8,0.6,0.6666667,0.56666666,-0.6,-0.6,-0.2,-0.33333334,-0.13333334,0.041151717,0.24013449,0.501876,0.39261743,0.4448637,0.9588483,0.7598655,0.498124,0.6073826,0.5551363,-0.91769654,-0.519731,0.0037520123,-0.21476516,-0.1102726,0.9631843,1.069189,1.3812817,1.2984031,1.6151221,0.1174424,0.2274265,0.5791838,0.50163937,1.2916994,0.99656457,0.9099142,1.5598035,1.4793718,3.1726565,0.5886339,0.43723744,0.50050384,0.44067433,0.4869855,0.41136608,0.56276256,0.4994962,0.5593257,0.5130145,0.17726783,-0.12552513,0.0010076308,-0.11865135,-0.026029013
SZ002230,-0.041154257072715,0.125,,2026-04-24,0.011752622,0.03567005,0.3294815,0.008453564,0.23699331,0.015463865,0.43352517,0.018762924,0.5260134,0.9883839,1.0083554,0.97309965,0.9889205,0.98309267,0.97086436,0.9490537,1.0735791,1.1838281,0.9993512,0.98875386,0.9695167,0.9815952,1.0611955,0.0057798806,0.012640279,0.02436455,0.037273478,0.09127329,0.00075343484,0.003473161,0.003596838,-0.0010801973,-0.0047166087,0.0424809,0.69206667,0.7627689,0.06508907,0.81446433,-0.0008580757,-0.0043830555,-0.003686633,0.034067627,0.07794441,1.0207925,1.0207925,1.0207925,1.0703132,1.2849082,0.97309965,0.95904654,0.9243914,0.9243914,0.9243914,1.0017939,0.9978832,0.9945436,1.0017939,1.1604658,0.995889,0.97893375,0.94481117,0.9485664,0.9693066,0.8,0.9,0.95,0.8,0.4,0.56403327,0.6632576,0.7843128,0.5181446,0.20972288,0.8,0.9,0.95,0.033333335,0.1,1.0,0.1,0.1,0.4,0.7,-0.2,0.8,0.85,-0.36666667,-0.6,0.41641384,0.6218215,0.8164795,0.30694738,0.82364386,0.77276915,0.5272024,0.79181427,0.43972397,0.5525883,0.6,0.7,0.55,0.5,0.46666667,0.4,0.3,0.45,0.5,0.53333336,0.2,0.4,0.1,0.0,-0.06666667,0.6736265,0.65644574,0.6140562,0.41316167,0.40638566,0.32637355,0.34355426,0.3859438,0.58683836,0.59361434,0.3472529,0.31289148,0.22811243,-0.1736767,-0.18722866,0.989877,0.9151131,0.81675524,0.82988477,1.2508491,0.09920455,0.12456585,0.22750616,0.21424231,0.75823826,0.6377306,0.64155287,1.3282046,1.2027202,1.9070592,0.6456665,0.50157666,0.5515531,0.5229353,0.4797268,0.3543335,0.49842334,0.44844693,0.47706473,0.5202732,0.291333,0.0031533358,0.10310615,0.045870554,-0.04054639
SZ000651,-0.042177387652201186,0.125,,2026-04-24,0.008149943,0.0122249145,0.6666667,0.0013583238,0.11111111,0.0027166477,0.22222222,0.009508267,0.7777778,0.99191594,1.0013473,0.9892213,0.99710923,0.99568886,1.0061977,1.0223663,1.0207487,1.0717317,0.9962811,0.99962264,1.0070599,1.015153,1.023026,0.0021338772,0.0049021114,0.00966124,0.017092304,0.02024294,0.0010510233,-0.0010093132,-0.001440544,-0.0016490102,-0.0008419586,0.606493,0.38859475,0.7781359,0.72135186,0.52763563,0.0016168583,0.0049192607,0.0066251946,0.008757598,0.0018117445,1.002425,1.0110478,1.0339532,1.056319,1.079092,0.9865262,0.9865262,0.9865262,0.9865262,0.98625666,0.99676627,1.0047967,1.018701,1.0279708,1.0429536,0.99525696,0.9954186,0.9959041,0.9991916,1.0041502,1.0,0.6,0.3,0.23333333,0.16666667,0.8474722,0.54946536,0.28409564,0.19305417,0.1480399,0.4,0.4,0.15,0.1,0.016666668,0.6,0.8,0.9,0.93333334,0.4,-0.2,-0.4,-0.75,-0.8333333,-0.38333333,0.5745774,-0.50978696,-0.32311633,0.38165584,0.3521916,0.74743086,-0.43565354,0.027420152,0.0053207823,-0.1840885,0.6,0.5,0.45,0.5,0.46666667,0.4,0.5,0.55,0.5,0.53333336,0.2,0.0,-0.1,0.0,-0.06666667,0.83326125,0.3944975,0.3782985,0.45193624,0.41196063,0.16673876,0.6055025,0.62170154,0.54806376,0.5880394,0.66652244,-0.21100494,-0.24340305,-0.096127495,-0.17607877,0.8479803,0.81874716,0.7648088,0.93232715,1.1105798,0.114162065,0.19756629,0.18034811,0.36118314,0.5044618,1.3346865,1.3558602,1.0187205,1.5191404,1.4275205,0.3446974,0.64064026,0.5594964,0.51527447,0.46487352,0.6553026,0.3593597,0.44050363,0.48472553,0.53512645,-0.3106052,0.28128055,0.11899275,0.030548958,-0.07025295
SH600011,-0.042366831740120306,0.25,,2026-04-24,-0.0028571577,0.014285788,-0.2,0.0014285789,0.1,0.010000052,0.7,0.0057143155,0.4,1.0028653,1.004298,0.9899713,0.9992176,0.99431205,0.9799567,1.078819,1.1291982,1.0660889,0.9992416,0.9982665,0.99991876,1.0275009,1.030074,0.005863884,0.005177367,0.02201656,0.04487759,0.04256399,0.0015709627,0.00062050566,-0.0012630434,-0.0041462947,-0.00032331096,0.17943247,0.13166945,0.11518757,0.66155046,0.017597705,-0.0023835297,-0.0010587993,0.012080169,0.032620367,-0.020536356,1.0131238,1.0131238,1.0831604,1.1463587,1.1463587,0.98589694,0.9715421,0.9542955,0.9542955,0.9542955,1.0024918,1.001896,1.0062296,1.0739979,1.0731311,0.99691224,0.9937703,0.98640305,0.99127847,0.99431205,0.6,0.6,0.55,0.36666667,0.35833332,0.5179842,0.68438566,0.35467,0.23796582,0.23796582,0.4,0.7,0.05,0.033333335,0.51666665,0.4,0.1,0.35,0.56666666,0.78333336,0.0,0.6,-0.3,-0.53333336,-0.26666668,0.85408306,0.17937982,0.32528973,0.60001016,0.5661147,0.316182,0.34883615,-0.16970193,0.15632758,0.04774361,0.4,0.5,0.4,0.36666667,0.4,0.6,0.5,0.6,0.6,0.51666665,-0.2,0.0,-0.2,-0.23333333,-0.11666667,0.5882353,0.65677965,0.31835207,0.33097103,0.4528229,0.4117647,0.34322035,0.6816479,0.669029,0.54717714,0.1764706,0.31355932,-0.36329585,-0.33805797,-0.094354235,1.0568604,0.84371495,0.8404062,0.9858096,0.8956118,0.12034648,0.2505473,0.27889502,0.4073924,0.4114982,1.009168,0.9589369,1.3659644,1.1277523,1.1465567,0.73535657,0.66922015,0.43245578,0.48820525,0.5111669,0.26464346,0.33077985,0.5675442,0.51179475,0.4888331,0.47071308,0.3384403,-0.13508843,-0.02358948,0.022333778
SH601618,-0.042418681428749196,0.0,,2026-04-24,-0.0068259244,0.013651849,-0.5,0.0034129622,0.25,0.0034129622,0.25,-0.0068259244,-0.5,1.0068729,1.0103092,0.99656355,1.0014719,1.0238727,1.0238727,1.0450928,1.1326259,1.0557029,1.0132626,1.0201591,1.0251989,1.038992,1.0581344,0.008388,0.009373889,0.012032883,0.029357169,0.034647636,-0.0050397813,-0.0027007426,-0.0014160058,-0.0026100308,-0.0012295631,0.9024986,0.76091856,0.484684,0.61258256,0.38410884,-0.0031830464,-0.008005805,-0.011746879,-0.0011465832,-0.021862267,1.0246587,1.0360619,1.0538418,1.1585581,1.1903224,0.99656355,0.99656355,0.99656355,0.99656355,0.99656355,1.0190982,1.0291777,1.0323608,1.0514588,1.0875331,1.008488,1.0148541,1.0159152,1.0185677,1.0281167,0.2,0.1,0.05,0.033333335,0.016666668,0.12231404,0.087001815,0.05999521,0.021213172,0.017735552,0.2,0.3,0.1,0.033333335,0.083333336,1.0,1.0,1.0,1.0,1.0,-0.8,-0.7,-0.9,-0.96666664,-0.9166667,-0.40430737,0.17157103,0.5937113,0.8201217,0.8581968,-0.007922306,0.100721695,0.284154,0.017136041,0.47086003,0.0,0.1,0.3,0.3,0.43333334,1.0,0.6,0.5,0.56666666,0.5,-1.0,-0.5,-0.2,-0.26666668,-0.06666667,0.0,0.15384541,0.33333334,0.28448263,0.46666667,1.0,0.8461546,0.6666667,0.71551734,0.53333336,-1.0,-0.69230914,-0.33333334,-0.4310347,-0.066666685,0.9854676,1.0276728,1.185091,1.7891821,2.7049737,0.07219268,0.15681832,0.30167234,1.1660963,1.9591007,0.74826634,0.9685286,1.2577107,1.7562828,1.7455533,0.4243697,0.5115625,0.45381635,0.37807304,0.49094698,0.5756303,0.48843747,0.54618365,0.62192696,0.509053,-0.15126058,0.023125049,-0.0923673,-0.24385394,-0.018106025
SH601668,-0.04294026958939762,0.25,,2026-04-24,0.0,0.006198361,0.0,0.002066143,0.33333698,0.004132218,0.66666305,0.0020660753,0.33332604,1.0,1.0020661,0.9958678,0.9993365,1.0208877,1.0269799,1.0191472,1.0617929,1.0496083,1.0033072,1.0140122,1.0224978,1.0263708,1.0347694,0.0032213763,0.012118359,0.012946813,0.016661454,0.016322734,-0.0017406495,-0.003317772,-0.0016588469,-0.0012223234,-0.0005671967,0.7299275,0.6870951,0.57458574,0.41710773,0.36828277,0.00017406087,0.00091778167,-0.0067387875,-0.008647078,-0.018037075,1.0190383,1.0337259,1.0456902,1.0747378,1.0747378,0.9958678,0.9958678,0.9958678,0.9958678,0.9958678,1.0038295,1.0275022,1.0335945,1.0391645,1.0482159,1.0020888,1.0026109,1.0074848,1.0087032,1.024369,0.2,0.1,0.05,0.05,0.025,0.1783395,0.10915016,0.08293899,0.052392732,0.052392732,0.2,0.3,0.2,0.033333335,0.51666665,1.0,1.0,1.0,0.23333333,0.6166667,-0.8,-0.7,-0.8,-0.2,-0.1,0.73592865,-0.41417626,-0.22719689,0.111463696,0.21078096,-0.79664963,-0.4653204,0.106830254,-0.11731157,0.013866211,0.0,0.2,0.4,0.4,0.41666666,0.6,0.5,0.4,0.46666667,0.41666666,-0.6,-0.3,0.0,-0.06666667,0.0,0.0,0.24590172,0.41538453,0.36078417,0.44731978,1.0,0.7540983,0.58461547,0.6392158,0.55268025,-1.0,-0.50819653,-0.16923092,-0.27843165,-0.10536046,1.6759582,1.4518344,1.3766471,1.6151247,2.064637,0.64412755,0.569058,0.46535724,0.6363852,1.070324,1.359358,1.0666891,0.96601045,1.3787239,1.3995029,0.23882581,0.49737364,0.4873691,0.4618829,0.48992804,0.7611742,0.50262636,0.5126309,0.5381171,0.51007193,-0.5223484,-0.0052527087,-0.025261791,-0.07623425,-0.020143913
SZ002594,-0.04395693946219224,0.25,,2026-04-24,-0.0045040753,0.012110965,-0.37190062,0.0,0.0,0.0076068896,0.6280994,0.0031028143,0.25619876,1.0045245,1.0045245,0.9923587,0.9966855,1.0434352,1.0221967,1.0369838,0.9963591,0.94608927,1.0164798,1.0314841,1.0284101,1.0335494,0.9820888,0.013929407,0.019359605,0.024001427,0.02510485,0.05927588,-0.008495414,-0.0054812697,-0.0011144798,-0.00083130354,0.002725828,0.9299161,0.73481965,0.07546375,0.084977835,0.6449718,0.0005109857,-0.006818421,-0.017822577,-0.021495542,-0.06250075,1.0451407,1.065452,1.0907985,1.1242712,1.1242712,0.9923587,0.9923587,0.9797883,0.9797883,0.86346436,1.024311,1.0446872,1.050174,1.0583181,1.036115,1.0041647,1.0176743,1.0041647,1.015196,0.91600394,0.2,0.1,0.2,0.13333334,0.56666666,0.14477102,0.10454185,0.18207067,0.13988997,0.5235127,0.2,0.4,0.15,0.23333333,0.6166667,1.0,1.0,0.35,0.56666666,0.15,-0.8,-0.6,-0.2,-0.33333334,0.46666667,-0.08662702,0.68507266,0.63411516,0.6892264,0.626083,-0.855681,0.3889237,0.52596587,0.6609207,0.68532073,0.2,0.3,0.35,0.4,0.43333334,0.8,0.7,0.65,0.6,0.56666666,-0.6,-0.4,-0.3,-0.2,-0.13333334,0.020451182,0.41222537,0.44184405,0.5035849,0.5292872,0.9795488,0.58777463,0.55815595,0.4964151,0.47071275,-0.9590976,-0.17554927,-0.116311885,0.007169804,0.05857449,1.1781836,1.3947186,1.5431808,1.8599572,1.6336305,0.19202577,0.33920014,0.37438264,0.8284302,0.8646586,0.80936325,0.8882097,0.70112896,1.3275082,1.7005919,0.39534995,0.38895392,0.4071231,0.48695967,0.5011603,0.60465,0.6110461,0.5928769,0.5130403,0.49883965,-0.20930009,-0.22209215,-0.18575382,-0.026080657,0.0023206784
SZ300896,-0.04505810349640495,0.0,,2026-04-24,0.020513242,0.036649223,0.5597183,0.010986208,0.29976645,0.0051497747,0.14051524,0.014676809,0.4004671,0.9798991,1.0107654,0.97485286,0.9967562,0.9633973,0.9670323,0.9931726,1.1914214,1.2161394,0.9757562,0.97259223,0.97470844,1.019807,1.1143551,0.01719286,0.013316042,0.018556565,0.08245971,0.114604846,0.009431992,0.0021813742,-0.0007215078,-0.0072263083,-0.0057515944,0.75240314,0.2459923,0.052912094,0.59518373,0.7681931,0.0053797723,0.01759159,0.0321459,0.084974475,0.055316992,1.0107654,1.0107654,1.0149714,1.2168218,1.335583,0.9528967,0.9504635,0.9444773,0.9444773,0.9444773,0.99011284,0.9809653,0.98984104,1.0413377,1.2095774,0.9634921,0.9628094,0.95983815,0.96408004,0.9781901,1.0,1.0,0.9,0.6333333,0.31666666,0.8139689,0.8214753,0.7876225,0.20386936,0.14196339,1.0,1.0,0.05,0.1,0.18333334,0.6,0.1,0.3,0.53333336,0.76666665,0.4,0.9,-0.25,-0.43333334,-0.5833333,0.95027894,0.9259446,0.41640145,-0.125999,0.38158154,0.7992534,0.7640955,0.46501806,-0.1002781,0.13045359,0.8,0.6,0.55,0.46666667,0.43333334,0.2,0.4,0.45,0.53333336,0.56666666,0.6,0.2,0.1,-0.06666667,-0.13333334,0.87695324,0.6700358,0.51142615,0.32591698,0.4062671,0.12304675,0.32996422,0.48857388,0.674083,0.5937329,0.7539065,0.34007156,0.022852244,-0.34816605,-0.18746577,0.63778675,0.5391092,0.497748,0.50737983,0.6148177,0.35800236,0.2662099,0.20908971,0.22370902,0.3152383,1.2309121,1.1983079,0.93874526,1.4969268,1.347112,0.8693117,0.7197439,0.58051264,0.5588599,0.5190274,0.13068834,0.28025612,0.4194874,0.44114012,0.4809726,0.7386233,0.43948776,0.16102524,0.117719755,0.03805485
SH601878,-0.047199102178901005,0.25,,2026-04-24,-0.007423122,0.011664896,-0.63636416,0.0042417743,0.3636358,0.0,0.0,-0.011664896,-1.0,1.0074786,1.0117521,1.0,1.0023779,1.0318226,1.0298939,1.0356799,1.1031823,1.1494696,1.0165863,1.0257474,1.0236741,1.0393443,1.0846351,0.011539653,0.012507707,0.014802528,0.02972493,0.05218859,-0.0069431015,-0.0037345528,-0.0005039119,-0.0025422005,-0.0028303694,0.90502703,0.81720924,0.04056071,0.56686497,0.89708775,-0.0027001102,-0.008941881,-0.018886913,-0.002482368,-0.0011392813,1.0352356,1.0445352,1.0491244,1.1143874,1.1706909,1.0,1.0,0.98908114,0.98908114,0.98908114,1.0237223,1.0349084,1.0356799,1.0547734,1.139055,1.008486,1.0183221,1.0104147,1.0192864,1.0318226,0.2,0.1,0.15,0.1,0.05,0.0,0.0,0.18185037,0.08713759,0.060122777,0.2,0.3,0.5,0.1,0.05,1.0,1.0,0.35,0.56666666,0.78333336,-0.8,-0.7,0.15,-0.46666667,-0.73333335,-0.16146329,-0.27242404,-0.046726935,0.14251748,0.42024633,0.667356,-0.06875867,0.6554714,0.32067347,0.2603301,0.2,0.4,0.4,0.36666667,0.46666667,0.8,0.6,0.6,0.6,0.51666665,-0.6,-0.2,-0.2,-0.23333333,-0.05,0.05405501,0.24590246,0.4079602,0.32686093,0.35514027,0.94594496,0.7540975,0.59203976,0.67313904,0.64485973,-0.89189,-0.5081951,-0.18407959,-0.3462781,-0.28971946,1.0875338,1.0333478,1.1464244,1.195293,1.3822231,0.16882695,0.16572659,0.39838153,0.39364737,0.5707525,0.7404135,0.7095887,1.2656463,1.3005112,1.1821513,0.5695942,0.23478569,0.50641847,0.49261105,0.47159433,0.4304058,0.7652143,0.4935815,0.50738895,0.52840567,0.13918841,-0.5304286,0.012836976,-0.014777872,-0.056811303
SZ300750,-0.04806578104538262,0.125,,2026-04-24,0.0065611135,0.023642559,0.27751285,0.008031657,0.33971184,0.009049787,0.3827753,0.0075792437,0.3205763,0.99348164,1.0079793,0.9844909,0.99573207,0.98301685,0.9206069,0.8907336,0.87523776,0.7741344,0.98299146,0.97550064,0.9310251,0.9176096,0.8538082,0.016068615,0.021338714,0.051354237,0.04626529,0.07605046,0.008174501,0.0047987746,0.006796262,0.003775906,0.0038891926,0.64700204,0.46359167,0.61299336,0.51621836,0.7976549,0.0006595167,0.002904842,0.004410413,0.027639769,0.031460587,1.0079793,1.0179802,1.0179802,1.0179802,1.0179802,0.9407419,0.9170684,0.84423447,0.84423447,0.7369543,0.99242735,0.99242735,0.98371786,0.9618531,0.91529405,0.97604835,0.95370847,0.8834238,0.8799972,0.77181697,1.0,0.9,0.95,0.96666664,0.98333335,0.88132644,0.8218222,0.8965141,0.8965141,0.9360193,1.0,0.4,0.7,0.8,0.9,0.4,0.2,0.35,0.56666666,0.083333336,0.6,0.2,0.35,0.23333333,0.81666666,-0.42383355,0.25432408,0.76881915,0.6647532,0.31733415,-0.22525868,0.44654357,0.52213895,0.55438095,0.42417464,0.6,0.7,0.55,0.53333336,0.51666665,0.4,0.3,0.45,0.46666667,0.48333332,0.2,0.4,0.1,0.06666667,0.033333335,0.5961866,0.70464814,0.64108974,0.6226676,0.6275623,0.40381345,0.29535186,0.35891026,0.3773324,0.37243772,0.1923731,0.40929624,0.28217947,0.2453352,0.2551246,1.1806895,1.1627684,0.9424993,0.93057114,0.8921961,0.24389008,0.24990132,0.32916155,0.29497474,0.2835285,0.82817113,0.9975493,1.1150913,1.128358,1.2108909,0.52486944,0.45088285,0.5309563,0.5181306,0.49961552,0.47513056,0.54911715,0.4690437,0.48186943,0.50038445,0.04973886,-0.098234266,0.061912626,0.036261167,-0.0007689579
SH601088,-0.048749742125844826,0.125,,2026-04-24,0.004256217,0.018940214,0.22471851,0.007661256,0.4044968,0.0070227413,0.3707847,0.0036177025,0.19100642,0.9957618,1.0076288,0.9887688,0.99884593,0.96519613,0.98279536,1.0105753,1.0438008,0.8492621,0.98004895,0.9750454,0.98793703,1.000897,0.957141,0.017339531,0.013512402,0.018816195,0.026238937,0.061189998,0.010433266,0.002351345,-0.001837421,-0.0023202242,0.0025737733,0.9051194,0.27757415,0.33375034,0.6059952,0.53960943,-0.0009154804,0.014373541,0.029518452,0.032746162,-0.033067316,1.0076288,1.0076288,1.0296462,1.0675783,1.0675783,0.9569257,0.9535279,0.9535279,0.9535279,0.83746505,0.99640125,0.9843265,1.0068818,1.0262963,1.0107806,0.96926844,0.9651172,0.9704049,0.9738774,0.8881857,1.0,1.0,0.75,0.5,0.7,0.84954005,0.8589896,0.61052525,0.40746984,0.7063259,1.0,1.0,0.35,0.23333333,0.6166667,0.2,0.3,0.65,0.76666665,0.15,0.8,0.7,-0.3,-0.53333336,0.46666667,0.7921449,0.6652609,0.08781405,0.56099796,0.16486111,0.33932793,0.12020074,-0.2869518,0.013514657,0.52233833,0.6,0.5,0.45,0.4,0.48333332,0.4,0.5,0.55,0.6,0.51666665,0.2,0.0,-0.1,-0.2,-0.033333335,0.8276376,0.6094379,0.47386894,0.4359566,0.5825268,0.17236236,0.39056215,0.5261311,0.5640434,0.4174732,0.6552753,0.2188757,-0.052262135,-0.12808682,0.16505358,0.9473852,0.8518629,0.8623966,1.0136563,1.1421453,0.21347001,0.18774475,0.22213162,0.3551634,0.5274562,1.0203254,1.1585716,1.2276901,1.231579,1.4566274,0.7336309,0.5965981,0.49553496,0.46460027,0.5015074,0.2663691,0.40340188,0.50446504,0.53539973,0.4984926,0.46726182,0.19319624,-0.008930073,-0.07079945,0.0030148132
SZ002466,-0.0492296766573852,0.25,,2026-04-24,0.085419774,0.10559646,0.8089264,0.015758464,0.14923288,0.0044182283,0.041840684,0.074079536,0.7015342,0.92130256,1.0145183,0.91723204,0.97098184,0.9043378,0.8092242,0.7354208,0.7272742,0.8335188,0.9496072,0.90953875,0.8414727,0.7954056,0.76672876,0.036508314,0.052282803,0.079656504,0.093706764,0.0804696,0.014954268,0.01558126,0.012525106,0.009830723,0.002282056,0.41945633,0.81413966,0.86534315,0.8529639,0.24529506,0.02048429,0.020345557,0.03953883,0.0620489,0.16595058,1.0145183,1.0145183,1.0145183,1.0145183,1.0145183,0.8872418,0.8063733,0.72591436,0.6550891,0.646673,0.967762,0.95948315,0.90976787,0.88990945,0.8308054,0.91913724,0.86898,0.76789427,0.7217087,0.7004081,1.0,1.0,1.0,1.0,1.0,0.88593096,0.93024904,0.9496947,0.9596073,0.9605315,1.0,1.0,1.0,1.0,1.0,0.2,0.1,0.05,0.26666668,0.2,0.8,0.9,0.95,0.73333335,0.8,0.8413688,0.69256157,0.7707946,0.79213214,0.7445125,0.709246,0.6023655,0.70977366,0.58553475,0.354329,0.8,0.8,0.65,0.6,0.56666666,0.2,0.2,0.35,0.4,0.43333334,0.6,0.6,0.3,0.2,0.13333334,0.78045774,0.78076917,0.7552366,0.69537276,0.57008773,0.21954226,0.21923086,0.24476336,0.3046272,0.42991224,0.56091547,0.5615383,0.5104733,0.39074558,0.14017549,0.74047,0.66865945,0.546474,0.4686487,0.39867654,0.25608996,0.19054775,0.21102268,0.21155266,0.18652157,1.0932086,0.8972158,1.0933776,1.1769637,1.2644864,0.6198649,0.6241282,0.58413583,0.6054274,0.5385273,0.38013512,0.37587178,0.41586417,0.39457265,0.4614727,0.23972976,0.24825646,0.16827166,0.21085472,0.077054635
SZ000100,-0.049483131275216016,0.0,,2026-04-24,-0.004705876,0.018823504,-0.25,0.0,0.0,0.014117628,0.75,0.009411752,0.5,1.0047281,1.0047281,0.98581564,0.9940833,1.0163213,1.0257376,1.0094161,1.1556811,1.1795354,1.0188324,1.0221595,1.0160702,1.0296087,1.0899979,0.014506243,0.011268586,0.016128885,0.03441275,0.06865672,-0.008537356,-0.0023626033,0.00048143067,-0.0021636654,-0.0034474598,0.8659182,0.4029529,0.031183647,0.3063678,0.7690103,-0.0017576832,-0.011527714,-0.020643886,0.0017644534,0.011702163,1.0427284,1.0493339,1.0493339,1.1655118,1.2173164,0.98581564,0.98581564,0.9715649,0.9715649,0.9715649,1.029253,1.029253,1.0282485,1.0375392,1.158192,1.0055242,1.0144382,1.0055242,1.008914,1.0233521,0.2,0.1,0.2,0.16666667,0.083333336,0.24923006,0.22331156,0.36563513,0.14661272,0.11570673,0.2,0.2,0.6,0.033333335,0.05,1.0,1.0,0.35,0.56666666,0.78333336,-0.8,-0.8,0.25,-0.53333336,-0.73333335,0.53280866,0.1971685,0.43875095,0.4813291,0.747515,0.54206324,0.512961,0.5795541,0.07833273,0.42043146,0.4,0.3,0.4,0.3,0.35,0.6,0.7,0.6,0.6666667,0.6166667,-0.2,-0.4,-0.2,-0.36666667,-0.26666668,0.3522731,0.35251808,0.48041785,0.33152178,0.4163743,0.6477269,0.6474819,0.51958215,0.66847825,0.58362573,-0.2954538,-0.29496387,-0.03916428,-0.33695647,-0.16725142,1.2207915,1.1155009,1.0806854,1.1804792,1.4986951,0.14220281,0.16920568,0.22948325,0.33323523,0.5504925,0.77765596,0.8512325,1.074665,1.1793095,1.1140702,0.5696892,0.4507133,0.5144855,0.47242007,0.47491023,0.43031082,0.5492867,0.4855145,0.52757996,0.52508974,0.13937838,-0.0985734,0.028970996,-0.055159867,-0.05017953
SH600188,-0.049934495634313104,0.5,,2026-04-24,0.0024236862,0.03344642,0.07246474,0.021328129,0.6376805,0.009694604,0.28985476,-0.009209839,-0.27536097,0.9975822,1.0212766,0.987911,1.0030502,0.9187475,0.93372947,0.99225926,1.0720135,0.6692469,0.96197563,0.94969034,0.9454155,0.9620239,0.88969153,0.03887342,0.030890757,0.027370486,0.036487214,0.11351377,0.023936283,0.0055224653,0.00070088875,-0.0021620668,0.004960362,0.94786817,0.2929681,0.022950977,0.27211875,0.5824108,-0.009848183,0.025458548,0.047926072,0.06932607,-0.036022197,1.0212766,1.0212766,1.0212766,1.1044265,1.1044265,0.89458877,0.8805484,0.8805484,0.8805484,0.6638916,0.99804235,0.9685477,0.9639033,0.9978426,0.98169196,0.9365262,0.9260987,0.9204055,0.92833596,0.7652817,1.0,1.0,1.0,0.8666667,0.9166667,0.8320551,0.8488109,0.8488109,0.5335563,0.7629551,1.0,1.0,1.0,0.033333335,0.51666665,0.2,0.3,0.65,0.76666665,0.15,0.8,0.7,0.35,-0.73333335,0.36666667,0.70955336,0.57608944,0.08836531,0.56562847,0.15694539,0.46461976,0.33620602,-0.005354191,-0.01316907,0.4755273,0.8,0.6,0.45,0.4,0.51666665,0.2,0.4,0.55,0.6,0.46666667,0.6,0.2,-0.1,-0.2,0.05,0.88904816,0.6726517,0.51008457,0.4448777,0.6076876,0.11095185,0.3273483,0.4899154,0.55512226,0.39231244,0.7780963,0.3453034,0.020169172,-0.11024457,0.21537513,1.0530766,1.0011854,1.0159634,1.2338803,1.4764277,0.15143941,0.19045001,0.26477432,0.4290403,0.61724335,0.80032444,0.7088855,0.78807056,0.7654494,1.114219,0.67759365,0.521227,0.46325386,0.44552815,0.50723654,0.32240635,0.47877297,0.53674614,0.55447185,0.49276346,0.3551873,0.042454034,-0.0734923,-0.108943686,0.0144730685
SH600436,-0.05017523754359898,0.125,,2026-04-24,-0.0009858857,0.0150000155,-0.06572565,0.006197221,0.41314766,0.007816909,0.5211267,0.0006338017,0.0422534,1.0009868,1.0071902,0.9921754,0.9993549,1.0313641,1.0623145,1.0725347,1.102492,1.1707337,1.0085982,1.0264267,1.0480951,1.0652812,1.1044439,0.010163671,0.02060777,0.026803674,0.035226278,0.051582076,-0.005723528,-0.006558764,-0.0042361356,-0.0037719803,-0.0025819796,0.79280514,0.92852473,0.87421674,0.8886015,0.7642014,0.0028488499,0.003087724,-0.007851778,-0.010587471,-0.028275514,1.0312955,1.0575231,1.0881789,1.1405632,1.237839,0.9921754,0.9921754,0.9921754,0.9921754,0.9921754,1.0172254,1.0475281,1.072241,1.0891808,1.1516235,1.0003393,1.0032957,1.021328,1.0412947,1.0633819,0.2,0.1,0.05,0.033333335,0.016666668,0.20001516,0.1197383,0.08150351,0.052730884,0.031850964,0.2,0.1,0.15,0.1,0.2,1.0,1.0,1.0,1.0,1.0,-0.8,-0.9,-0.85,-0.9,-0.8,-0.501902,-0.84567046,-0.84669006,-0.37229586,0.41203862,-0.88292444,-0.7445776,-0.16696486,0.17622994,0.27997282,0.2,0.2,0.25,0.3,0.31666666,0.8,0.8,0.75,0.7,0.6666667,-0.6,-0.6,-0.5,-0.4,-0.35,0.09312994,0.08683156,0.26535946,0.3165866,0.38375297,0.90687007,0.91316843,0.73464054,0.6834134,0.61624706,-0.81374013,-0.82633686,-0.4692811,-0.36682674,-0.23249406,1.1870131,0.97984475,0.77474344,0.76743555,1.1306129,0.28798196,0.299123,0.30990458,0.32388347,0.89094985,0.896956,0.90340453,0.9189098,1.306853,2.6549215,0.5245811,0.5401256,0.5708174,0.51964545,0.4969901,0.47541893,0.45987442,0.4291826,0.48035455,0.5030099,0.049162142,0.08025116,0.14163484,0.039290883,-0.006019796
SZ300274,-0.050734776532944975,0.25,,2026-04-24,-0.0012689756,0.01828903,-0.06938452,0.010450931,0.5714317,0.0065691224,0.35918376,-0.0051507843,-0.28163248,1.0012705,1.0117348,0.9934225,1.0013521,0.9922237,0.9775768,1.2407514,1.2938155,1.2114497,1.0114802,1.0096936,1.0131389,1.0956016,1.1205189,0.009443445,0.014701503,0.07923815,0.13580908,0.10499064,-0.0034011605,-0.0006446777,-0.0044501103,-0.012524492,-0.0027396297,0.32428983,0.017626792,0.11039285,0.6591198,0.20767412,-0.004677896,-0.0067926045,0.029137108,0.08600358,-0.039699808,1.0358735,1.0622631,1.2519643,1.3602664,1.3602664,0.98183656,0.96434677,0.90993065,0.90993065,0.90993065,1.0192549,1.0192549,1.0271331,1.2444996,1.222933,1.0042427,1.0005965,0.95072514,0.9892943,1.0052288,0.2,0.2,0.4,0.26666668,0.13333334,0.33612952,0.36411935,0.2633347,0.20000483,0.20000483,0.8,0.2,0.05,0.033333335,0.51666665,0.2,0.1,0.35,0.56666666,0.78333336,0.6,0.1,-0.3,-0.53333336,-0.26666668,0.29154715,0.3358868,-0.121172495,0.09420378,0.09471479,-0.033922188,0.2692191,-0.10124256,0.052511238,0.24487881,0.6,0.6,0.4,0.4,0.46666667,0.4,0.4,0.6,0.6,0.53333336,0.2,0.2,-0.2,-0.2,-0.06666667,0.5714492,0.5661325,0.3018897,0.3290782,0.43771234,0.42855078,0.4338675,0.69811034,0.6709218,0.5622876,0.14289841,0.13226497,-0.39622065,-0.34184363,-0.1245753,1.3378898,1.6443131,1.8126402,1.8455262,1.6766678,0.23261468,0.45371062,0.680494,0.6179424,0.6113418,0.74308497,1.0642053,1.3992152,1.3639712,1.376294,0.2734163,0.2650245,0.48312572,0.45227146,0.49702018,0.72658366,0.7349755,0.5168743,0.54772854,0.5029798,-0.45316738,-0.46995097,-0.033748586,-0.09545709,-0.0059596593
SH601117,-0.051421523024855045,0.125,,2026-04-24,-0.0011723331,0.024618994,-0.04761905,0.01524033,0.61904764,0.008206331,0.33333334,-0.008206331,-0.33333334,1.0011737,1.0164319,0.99178404,1.0039623,1.0062444,1.0633364,1.0713649,1.1703837,1.0205175,1.0044603,1.0154327,1.0355041,1.0501636,1.0457776,0.004136319,0.017118115,0.027042996,0.042034816,0.045273986,-0.0016949227,-0.004903633,-0.0034703189,-0.0033957842,0.00021680641,0.41977045,0.7522037,0.57636446,0.5057822,0.0069943382,-0.0010704692,0.0066336794,-0.002536016,-0.0009247043,-0.052173395,1.0188746,1.0655401,1.0918882,1.2299106,1.2299106,0.99178404,0.99178404,0.99178404,0.99178404,0.967364,1.0076717,1.02248,1.0633364,1.0733274,1.0754683,1.0007137,1.0037466,1.0069581,1.013381,1.0041035,0.2,0.1,0.05,0.033333335,0.15,0.30327687,0.11139372,0.08207416,0.034502503,0.12430541,0.8,0.1,0.4,0.033333335,0.51666665,1.0,1.0,1.0,1.0,0.15,-0.2,-0.9,-0.6,-0.96666664,0.36666667,-0.288133,0.58590007,0.6607283,0.79040885,0.5580929,0.30648297,0.49401534,0.64783716,0.6144438,0.5001104,0.4,0.2,0.2,0.23333333,0.4,0.6,0.8,0.75,0.73333335,0.55,-0.2,-0.6,-0.55,-0.5,-0.15,0.3793092,0.118279055,0.36111087,0.34768724,0.49105057,0.6206908,0.88172096,0.63888913,0.65231276,0.50894946,-0.24138159,-0.7634419,-0.27777827,-0.30462554,-0.017898876,0.7446302,0.80038744,0.8827072,1.0822507,1.3064675,0.16707948,0.15192175,0.23670928,0.4361145,0.5809543,0.5185625,0.72621596,1.4159156,1.4557881,1.2519538,0.819947,0.5776502,0.47554538,0.37587872,0.43504044,0.180053,0.4223498,0.5244546,0.62412125,0.5649595,0.639894,0.15530036,-0.04890924,-0.24824254,-0.12991911
SH600196,-0.051635347150747135,0.125,,2026-04-24,-0.010911893,0.015978193,-0.68292403,0.00038971545,0.024390457,0.0046765856,0.29268548,-0.006625023,-0.41462904,1.0110322,1.0114263,0.9952718,1.001432,1.0303401,1.043343,0.9964634,1.0145984,1.0796129,1.0089983,1.0264126,1.0387654,1.0228397,1.0340766,0.0069144433,0.02014685,0.020192489,0.031502258,0.031625867,-0.0041029654,-0.005851422,-0.0025311443,0.0012246318,-0.00072532706,0.88028085,0.7732501,0.5499487,0.11711956,0.16042894,-0.0007923928,-8.122518e-05,-0.014719512,-0.040596873,-0.012679386,1.0291821,1.0674002,1.0776376,1.0776376,1.1209875,0.9952718,0.9952718,0.9897731,0.93026465,0.93026465,1.0117584,1.0444598,1.052804,1.0513947,1.0561278,1.0059988,1.0081367,1.0174383,0.99984574,1.0081367,0.2,0.1,0.05,0.23333333,0.15,0.13943234,0.06555227,0.11639378,0.4731896,0.36563694,0.2,0.3,0.25,0.5,0.06666667,1.0,1.0,0.05,0.23333333,0.6166667,-0.8,-0.7,0.2,0.26666668,-0.55,0.4171864,0.5456491,0.65540123,0.49748167,0.43186295,0.66736376,0.45308864,0.6054567,0.22855403,0.24536847,0.0,0.2,0.3,0.36666667,0.4,1.0,0.8,0.7,0.6333333,0.6,-1.0,-0.6,-0.4,-0.26666668,-0.2,0.0,0.2250341,0.5096085,0.47863984,0.4414869,1.0,0.7749659,0.4903915,0.52136016,0.5585131,-1.0,-0.54993176,0.019217018,-0.04272032,-0.11702619,1.2106954,1.3919976,1.6633528,1.4895437,1.4692211,0.16935208,0.4468679,0.5519592,0.5571352,0.5663305,0.75879735,1.0305896,1.1411669,1.2326318,1.1239662,0.2539765,0.47288373,0.4908085,0.5007593,0.49231398,0.74602354,0.5271163,0.5091915,0.4992407,0.507686,-0.49204704,-0.054232545,-0.018383054,0.0015185833,-0.015372047
SZ300999,-0.05165241252401066,0.0,,2026-04-24,-0.009305637,0.011811041,-0.78787607,0.0,0.0,0.0025054046,0.21212393,-0.0068002325,-0.57575214,1.0093931,1.0093931,0.99747103,1.0013746,1.0246165,1.0260435,1.0285407,1.1041741,1.068498,1.0126293,1.018837,1.0237781,1.0427874,1.0590795,0.007979806,0.0089700855,0.012799116,0.0387174,0.035770636,-0.004673564,-0.002300566,-0.0013677594,-0.003473633,-0.0012102098,0.8575348,0.6029588,0.39969388,0.62381697,0.34911448,-0.0032822012,-0.008484415,-0.010784371,0.0075802035,-0.023378344,1.0301319,1.032831,1.0604242,1.1669233,1.2141219,0.99747103,0.99747103,0.99584883,0.99584883,0.99584883,1.0174813,1.0249733,1.0351052,1.0553693,1.0877631,1.0079914,1.0148412,1.0151266,1.016625,1.0263289,0.2,0.1,0.05,0.033333335,0.016666668,0.07743015,0.07151998,0.06428437,0.02426539,0.019018315,0.6,0.4,0.1,0.033333335,0.45,1.0,1.0,0.35,0.56666666,0.78333336,-0.4,-0.6,-0.25,-0.53333336,-0.33333334,-0.35773414,-0.41909683,0.4028124,0.7817543,0.6657673,0.7537191,0.5192834,0.2871744,0.23641773,0.60008144,0.2,0.3,0.45,0.4,0.45,0.8,0.7,0.55,0.6,0.55,-0.6,-0.4,-0.1,-0.2,-0.1,0.027397886,0.2840239,0.43079606,0.36174253,0.45890412,0.9726021,0.71597606,0.5692039,0.6382575,0.5410959,-0.9452042,-0.43195218,-0.13840787,-0.27651495,-0.08219179,0.9630418,0.8972637,1.0256404,1.3758003,1.5798652,0.14330737,0.13289814,0.24589902,0.78522944,1.0866894,0.7279046,0.58722067,0.80633503,1.5858827,2.7285964,0.67742527,0.5428295,0.48554963,0.44713712,0.49912646,0.32257476,0.4571705,0.5144504,0.5528629,0.50087357,0.35485047,0.08565904,-0.028900769,-0.10572577,-0.00174709
SH601633,-0.05176000726855901,0.25,,2026-04-24,-0.008333362,0.009313753,-0.89473724,0.0,0.0,0.0009803914,0.105262764,-0.0073529705,-0.7894745,1.0084034,1.0084034,0.9990114,1.0021366,1.0247759,1.0514193,1.0247759,1.0187998,1.0677291,1.0132968,1.0265313,1.026824,1.0303246,1.0271186,0.009372196,0.017356647,0.014765813,0.013991773,0.018556515,-0.0056897406,-0.00561617,-0.00043407167,-0.00067591143,-0.00016044117,0.9213872,0.9597547,0.030246574,0.1808572,0.0228002,-0.0019173358,-0.0012586095,-0.022700273,-0.020523818,-0.022385594,1.0366291,1.0652938,1.0652938,1.0652938,1.0726686,0.9990114,0.9990114,0.9990114,0.9990114,0.97526485,1.0216882,1.0377738,1.0358068,1.0422809,1.0417829,1.008765,1.0109562,1.0180279,1.0210906,1.0129483,0.2,0.1,0.05,0.033333335,0.11666667,0.026280995,0.014915424,0.014915424,0.014915424,0.25394475,0.2,0.1,0.55,0.7,0.033333335,1.0,1.0,1.0,1.0,0.4,-0.8,-0.9,-0.45,-0.3,-0.36666667,-0.15054542,0.34411946,0.36358583,0.49221882,0.2573029,-0.6252558,-0.2961479,0.31838432,0.41211918,0.3616425,0.0,0.2,0.4,0.4,0.41666666,0.8,0.7,0.55,0.56666666,0.56666666,-0.8,-0.5,-0.15,-0.16666667,-0.15,0.0,0.08113597,0.43500978,0.46763822,0.44197953,1.0,0.918864,0.5649902,0.53236175,0.5580205,-1.0,-0.8377281,-0.12998047,-0.064723544,-0.11604096,1.0391692,1.087398,1.1492659,1.3446409,1.3302286,0.22757523,0.20770526,0.28288463,0.48352504,0.45656982,1.12116,0.8138521,1.1232418,1.1299884,0.969524,0.50378996,0.3412125,0.5065614,0.495343,0.495735,0.49621007,0.6587875,0.49343863,0.504657,0.504265,0.0075798803,-0.31757498,0.013122755,-0.009313984,-0.008530025
SZ000568,-0.05177767972628822,0.0,,2026-04-24,0.017145714,0.03270569,0.5242426,0.009117949,0.27878785,0.0064420262,0.1969696,0.014469792,0.44242433,0.9831433,1.0089643,0.97680986,0.9983656,0.9860675,0.99883187,0.9928864,1.0248474,1.0907239,0.98602754,0.9928483,1.0050864,1.0122676,1.0589474,0.009791679,0.011129969,0.01699954,0.021705758,0.06905047,0.005066586,-0.0017621439,-0.002331305,-0.0019176395,-0.0031775294,0.6693551,0.22977684,0.65825164,0.6049029,0.645871,0.0038393005,0.015081363,0.017060976,0.015538221,0.03478966,1.0089643,1.0114983,1.0571964,1.0750277,1.2463208,0.9716458,0.9716458,0.9716458,0.9716458,0.9716458,0.9939198,1.0041713,1.0206572,1.0280807,1.1055248,0.9795959,0.9806302,0.9911333,0.9970178,1.0044049,1.0,0.7,0.4,0.33333334,0.16666667,0.7597907,0.7114787,0.3314325,0.27426702,0.10322832,1.0,0.3,0.15,0.06666667,0.18333334,0.6,0.8,0.9,0.93333334,0.96666664,0.4,-0.5,-0.75,-0.8666667,-0.78333336,0.6751842,0.055951938,-0.27192566,0.063045144,0.7120213,0.19659303,-0.052388642,-0.08619381,-0.07366109,0.29368123,0.4,0.3,0.35,0.36666667,0.38333333,0.6,0.7,0.65,0.6333333,0.6166667,-0.2,-0.4,-0.3,-0.26666668,-0.23333333,0.7134115,0.5096368,0.51957273,0.4596641,0.44258374,0.28658852,0.49036315,0.4804273,0.5403359,0.55741626,0.426823,0.019273687,0.03914544,-0.08067176,-0.11483253,0.786952,0.7225838,0.6650921,0.6743989,0.94443554,0.2603082,0.20677692,0.19029252,0.21543232,0.5890253,1.0472229,1.1639286,0.8517876,0.95057863,2.8001785,0.5633591,0.5513392,0.55298895,0.53037083,0.50009865,0.43664092,0.4486608,0.44701108,0.4696292,0.49990135,0.12671818,0.10267844,0.10597784,0.060741622,0.0001972998
SZ003816,-0.05194316122510856,0.125,,2026-04-24,-0.0021505689,0.025806434,-0.0833346,0.004301059,0.16666616,0.019354805,0.7499992,0.012903177,0.49999848,1.0021552,1.0064656,0.98060346,0.9977176,0.94649446,0.96494466,0.9907749,0.94280446,0.8357934,0.9900369,0.9725092,0.9763838,0.9582411,0.9070726,0.014737072,0.021294653,0.017116271,0.035853203,0.061819874,0.00848709,0.0059375986,-0.00023583142,0.0026158625,0.003260746,0.8291539,0.71267575,0.0066443593,0.41254905,0.8485502,-0.007011065,0.0007715737,0.025856622,0.0038289004,-0.0032645836,1.0101516,1.0101516,1.0129641,1.0129641,1.0129641,0.93879795,0.9378498,0.9378498,0.8769898,0.8133512,1.000738,0.995572,0.99298894,0.9907749,0.9741698,0.9815498,0.95498157,0.96088564,0.9291513,0.8409594,0.8,0.9,0.9,0.93333334,0.96666664,0.85772824,0.859594,0.8274078,0.9046574,0.9350536,0.8,0.9,0.2,0.46666667,0.73333335,0.2,0.3,0.65,0.2,0.1,0.6,0.6,-0.45,0.26666668,0.6333333,-0.6720266,0.2711458,0.42070964,-0.031214532,0.228967,0.25996155,0.5178218,0.1282704,0.26046446,0.23874001,0.8,0.5,0.45,0.43333334,0.48333332,0.2,0.5,0.5,0.53333336,0.41666666,0.6,0.0,-0.05,-0.1,0.06666667,0.9393941,0.7021277,0.5274725,0.5865921,0.6478405,0.060605865,0.2978723,0.47252747,0.4134079,0.3521595,0.8787883,0.4042554,0.054945044,0.17318419,0.295681,0.9721284,0.91692424,1.1561043,1.3956549,1.3174355,0.13370547,0.1455623,0.3799327,0.63407093,0.5380431,0.69701225,0.85403895,0.87213755,1.3015454,1.3143909,0.6550079,0.4197279,0.3480512,0.45889932,0.50079626,0.34499213,0.5802721,0.6519488,0.5411007,0.49920377,0.31001577,-0.1605442,-0.30389762,-0.08220138,0.0015924588
SH600588,-0.052602487218435384,0.0,,2026-04-24,0.02146989,0.036333643,0.59090936,0.0,0.0,0.014863755,0.40909067,0.036333643,1.0,0.9789814,1.0,0.96443003,0.9823259,1.0008079,0.971708,0.94016993,1.0962013,1.2206945,0.9970857,0.9938539,0.9731183,0.98515,1.0773888,0.010734547,0.010576299,0.02569392,0.0402559,0.10868549,-0.0023429953,0.0013517942,0.0035539013,-0.0011558895,-0.005675085,0.119100995,0.1497494,0.669604,0.063896224,0.831575,0.007600322,6.297473e-05,-0.0068803662,0.031610437,0.09002622,1.0218197,1.0218197,1.0218197,1.088928,1.3330573,0.96443003,0.9587707,0.9143076,0.9143076,0.9143076,1.0024238,1.0001615,0.99935365,1.0043628,1.1911099,0.98689705,0.9856044,0.94955635,0.94955635,0.97106165,0.7,0.75,0.875,0.71666664,0.35833332,0.6197967,0.6539243,0.79704845,0.4907354,0.20463873,0.2,0.6,0.8,0.033333335,0.1,1.0,0.1,0.35,0.56666666,0.78333336,-0.8,0.5,0.45,-0.53333336,-0.68333334,0.4858633,0.6092395,0.4923318,0.27549118,0.86032057,0.65109813,0.6317713,0.6620855,0.27066135,0.23672143,0.6,0.7,0.6,0.53333336,0.51666665,0.4,0.3,0.4,0.46666667,0.48333332,0.2,0.4,0.2,0.06666667,0.033333335,0.49474093,0.611433,0.59946275,0.4105351,0.40708706,0.5052591,0.38856694,0.40053728,0.5894649,0.592913,-0.0105181625,0.22286609,0.19892545,-0.17892982,-0.18582591,0.83883923,0.7364985,0.71497136,0.7423053,1.1897551,0.11529985,0.14474064,0.17184518,0.16981097,0.70715183,0.39051545,0.59099346,1.181039,1.1049892,1.1968701,0.7570154,0.596323,0.5447438,0.5119589,0.46798676,0.24298461,0.40367702,0.45525622,0.4880411,0.53201324,0.51403075,0.19264598,0.08948757,0.023917807,-0.064026505
SH600919,-0.0530100237593459,0.125,,2026-04-24,0.0044484013,0.01690388,0.26315862,0.0044484013,0.26315862,0.008007077,0.4736828,0.008007077,0.4736828,0.9955713,1.0044287,0.9875997,0.9987788,0.9592377,0.95447326,0.9634727,0.9438857,0.86183167,0.9884595,0.97517204,0.9671255,0.9635433,0.93725073,0.009041401,0.015667144,0.013875853,0.014620965,0.03289568,0.005082042,0.004777259,0.0017600906,0.0009534748,0.0017228774,0.78985083,0.85229385,0.5631431,0.32958546,0.836625,0.0013764098,0.0033302857,0.016153675,0.022631299,0.011924372,1.0044287,1.0044287,1.0044287,1.0044287,1.0044287,0.9570563,0.9491515,0.9413341,0.91935086,0.85702145,0.9936474,0.99036527,0.9774484,0.96770775,0.9634727,0.98284805,0.9590259,0.9571202,0.95680255,0.91582847,1.0,1.0,1.0,1.0,1.0,0.90651315,0.9198819,0.9298085,0.9479453,0.96995604,1.0,1.0,1.0,1.0,1.0,0.2,0.1,0.4,0.23333333,0.05,0.8,0.9,0.6,0.76666665,0.95,-0.18816528,0.6768407,0.48701438,-0.123822086,-0.58808327,0.73121697,0.7124881,0.6843859,-0.061284676,0.108830735,0.8,0.7,0.5,0.5,0.5,0.2,0.3,0.45,0.4,0.41666666,0.6,0.4,0.05,0.1,0.083333336,0.89690644,0.79452026,0.63745004,0.6147185,0.6488027,0.10309354,0.20547977,0.36254996,0.3852815,0.35119733,0.79381293,0.58904046,0.27490008,0.22943701,0.29760534,0.9978064,0.8420437,0.832608,0.96081036,1.1380986,0.21707188,0.22846863,0.22852062,0.31050533,0.42073977,0.65387756,0.8765833,0.86981016,1.5375214,1.4346734,0.61942506,0.5949185,0.49176502,0.47319078,0.48243603,0.38057497,0.40508154,0.508235,0.5268092,0.517564,0.23885006,0.18983693,-0.01646993,-0.053618412,-0.03512796
SZ002352,-0.05320382668375684,0.0,,2026-04-24,-0.0027322262,0.008743123,-0.3125,0.0021857808,0.25,0.0038251167,0.4375,-0.0010928904,-0.125,1.0027397,1.0049314,0.9961644,0.9998512,1.0055249,1.0233353,1.0049434,1.0230446,1.0822186,1.0056847,1.012649,1.0218668,1.0171756,1.0275589,0.003900703,0.010691888,0.014829718,0.019034598,0.023206748,-0.0013521201,-0.0023280235,-0.0015502176,-4.8937458e-05,-0.00074221723,0.30038947,0.4345877,0.38246143,0.0005122678,0.31198472,-0.002980547,-0.0021729353,-0.00713976,-0.016465945,-0.0056634718,1.0175749,1.0474579,1.0592346,1.0592346,1.0981042,0.9961644,0.9961644,0.99480736,0.9619749,0.9619749,1.0086653,1.0207618,1.036275,1.0334255,1.0437772,1.0035475,1.0053068,1.0068043,1.0048416,1.007822,0.2,0.1,0.05,0.13333334,0.083333336,0.17914522,0.07477733,0.080597125,0.3909641,0.2793304,0.4,0.3,0.2,0.46666667,0.016666668,1.0,1.0,0.05,0.23333333,0.6166667,-0.6,-0.7,0.15,0.23333333,-0.6,0.60549563,0.38460928,0.59937066,0.26905516,0.37864786,0.08753237,-0.29020447,0.5508376,0.34965158,0.24819541,0.2,0.3,0.45,0.46666667,0.41666666,0.8,0.7,0.55,0.53333336,0.55,-0.6,-0.4,-0.1,-0.06666667,-0.13333334,0.33760586,0.339339,0.48545754,0.46355474,0.43295795,0.66239417,0.660661,0.51454246,0.53644526,0.56704205,-0.3247883,-0.321322,-0.02908491,-0.07289053,-0.1340841,1.1940767,1.4698935,1.6485951,1.7200652,2.0282788,0.11599931,0.43820575,0.7694435,0.75970715,0.8194654,0.5817335,1.2765368,1.8726379,1.550856,1.2543947,0.028630286,0.47134724,0.47170535,0.4933299,0.48033354,0.9713697,0.5286528,0.5282947,0.5066701,0.51966643,-0.9427394,-0.05730552,-0.056589324,-0.013340193,-0.039332896
SH601601,-0.053687809430264785,0.125,,2026-04-24,-0.002994805,0.026408913,-0.11340131,0.00408386,0.15463948,0.019330246,0.7319592,0.012251581,0.46391842,1.0030038,1.0071,0.9806117,0.9927583,1.0196078,1.0547668,1.0128465,1.0780933,1.1987829,1.0110885,1.0223461,1.0298343,1.0409398,1.0994816,0.008130798,0.014875078,0.022157395,0.031097163,0.07804556,-0.004800521,-0.004380519,-0.0009348934,-0.002079615,-0.003943962,0.8714658,0.79495794,0.062309578,0.34659797,0.77887696,-0.0014874894,-0.0026338059,-0.020952826,-0.010785372,0.016865289,1.0324153,1.0602934,1.0966876,1.1245533,1.2781898,0.9806117,0.9806117,0.9806117,0.9806117,0.9806117,1.0138944,1.0347869,1.0465856,1.0693711,1.1924611,1.0074375,1.0111899,1.0116632,1.0128465,1.0256592,0.2,0.1,0.05,0.033333335,0.016666668,0.37426567,0.24332199,0.16703132,0.1346956,0.06515368,0.4,0.3,0.4,0.1,0.1,1.0,1.0,1.0,1.0,1.0,-0.6,-0.7,-0.6,-0.9,-0.9,-0.6422967,-0.24402826,0.19986077,0.07644501,0.18869704,0.04678266,0.64059895,0.51318944,0.12700695,0.024459371,0.2,0.2,0.4,0.43333334,0.38333333,0.6,0.7,0.55,0.53333336,0.5833333,-0.4,-0.5,-0.15,-0.1,-0.2,0.12337505,0.22999933,0.47980875,0.42610362,0.40473104,0.87662494,0.7700007,0.52019125,0.57389635,0.59526896,-0.7532499,-0.54000133,-0.04038249,-0.14779274,-0.19053794,0.96231496,0.94401777,0.9891179,1.0162132,1.1228998,0.09386855,0.085081145,0.23347956,0.25874704,0.38010925,0.9105663,0.82672614,1.4714141,1.2339337,1.1756643,0.6451128,0.429297,0.4269417,0.52098274,0.4946027,0.3548872,0.570703,0.5730583,0.4790173,0.50539726,0.29022563,-0.14140601,-0.14611658,0.041965436,-0.010794564
SZ001965,-0.05492567720821591,0.0,,2026-04-24,-0.011627856,0.015856246,-0.7333297,0.0010570975,0.06666758,0.0031712924,0.20000273,-0.00951366,-0.59999454,1.0117646,1.0128342,0.9967914,1.0055869,0.97590363,0.93333334,1.0923694,1.0923694,1.0160643,0.99726903,0.9812851,0.9931325,1.0242302,1.0300937,0.012489892,0.024392195,0.046712615,0.059276246,0.044720378,0.006104427,0.0070828777,-0.003209833,-0.0051603974,-0.0007049704,0.5971899,0.7729104,0.1652588,0.58736306,0.075793274,-0.009477884,-0.013158047,0.037360918,0.050595544,-0.009297039,1.0133852,1.0133852,1.0947622,1.1119112,1.1119112,0.9657457,0.926649,0.926649,0.926649,0.926649,1.0041767,1.000482,1.0514055,1.0872288,1.0666666,0.9916465,0.9694779,0.9469879,0.97108436,0.99903613,0.6,0.8,0.65,0.43333334,0.21666667,0.71903217,0.8456796,0.43631923,0.39593083,0.39593083,0.8,0.9,0.05,0.16666667,0.5833333,0.2,0.1,0.55,0.7,0.85,0.6,0.8,-0.5,-0.53333336,-0.26666668,0.3574044,0.017307263,-0.29398817,-0.0022722958,-0.009219725,0.5913518,0.6647148,-0.23214321,-0.20739047,-0.19847941,0.8,0.8,0.5,0.5,0.55,0.2,0.2,0.5,0.46666667,0.4,0.6,0.6,0.0,0.033333335,0.15,0.75862163,0.78231364,0.3536895,0.39713773,0.48871332,0.24137834,0.21768636,0.6463105,0.6028623,0.5112867,0.5172433,0.5646273,-0.29262102,-0.20572455,-0.022573365,1.1914116,1.5497072,1.9627638,2.0220914,2.0161638,0.39665195,0.7853683,1.3500631,1.1234126,0.9492504,0.94318634,1.5024647,2.4313452,2.3492274,2.353917,0.35945594,0.44584754,0.47672892,0.48088822,0.48656228,0.64054406,0.5541525,0.5232711,0.5191118,0.5134377,-0.2810881,-0.10830495,-0.04654216,-0.038223587,-0.026875436
SZ300418,-0.05560080919096075,0.0,,2026-04-24,-0.024717368,0.043303274,-0.5707968,0.0,0.0,0.018585905,0.42920324,-0.006131463,-0.14159353,1.0253438,1.0253438,0.9809431,0.99777687,1.0338268,0.98330504,0.9960689,1.0422714,1.0331959,1.044135,1.0231206,0.9984373,0.99841946,1.0526822,0.029776502,0.034246136,0.043297373,0.04144821,0.075749815,-0.018160637,0.0058126496,0.0043935603,0.0013058699,-0.0025807742,0.92993987,0.26408067,0.36039454,0.07692899,0.3540273,-0.00781364,-0.04927753,-0.040176105,-0.017354598,0.02345064,1.1312753,1.1312753,1.1312753,1.1312753,1.2953209,0.9809431,0.9676092,0.906314,0.906314,0.906314,1.067537,1.0561903,1.0303713,1.0303713,1.111274,1.0229459,0.99486536,0.97448194,0.97448194,0.9901092,0.2,0.4,0.55,0.6333333,0.31666666,0.12676547,0.19790761,0.4164537,0.4164537,0.24083368,0.4,0.7,0.85,0.9,0.26666668,1.0,0.1,0.3,0.53333336,0.76666665,-0.6,0.6,0.55,0.36666667,-0.5,0.8708563,0.8198002,0.6643898,0.64320076,0.81192535,0.78491616,0.7076194,0.7340513,0.685291,0.64188343,0.2,0.4,0.4,0.4,0.46666667,0.8,0.6,0.6,0.6,0.53333336,-0.6,-0.2,-0.2,-0.2,-0.06666667,0.3462724,0.53901994,0.5034636,0.47802833,0.49289188,0.6537276,0.46098006,0.49653637,0.52197164,0.50710815,-0.30745518,0.078039885,0.0069272555,-0.043943327,-0.014216251,1.326565,1.1737901,1.1346859,1.2304337,1.6588616,0.31903458,0.3485084,0.328315,0.4747427,0.75109893,0.61715376,0.80043966,1.2055553,1.2456323,1.1079316,0.50352436,0.5070934,0.4870427,0.5044396,0.4942928,0.49647564,0.4929066,0.51295733,0.4955604,0.5057072,0.007048731,0.0141868275,-0.025914634,0.008879186,-0.011414419
SH601136,-0.057884885539806585,0.125,,2026-04-24,-0.012938952,0.016019655,-0.8076923,0.0024645622,0.15384616,0.00061614055,0.03846154,-0.014787373,-0.9230769,1.0131086,1.0156054,0.99937576,1.0029094,1.0188794,1.0255785,1.0274055,1.0968331,1.1735687,1.0170523,1.0214982,1.0183617,1.0342671,1.0781364,0.011895262,0.00995364,0.011209258,0.029411014,0.051998995,-0.0068209446,-0.0025652393,-2.2888341e-06,-0.0024244015,-0.0027699533,0.8220175,0.60884017,1.4592946e-06,0.52661204,0.8654756,-0.0034104614,-0.0099545745,-0.018339982,0.000886698,0.0035772326,1.0422634,1.0422634,1.0422634,1.1062434,1.18788,0.99937576,0.99937576,0.9957064,0.9957064,0.9957064,1.0244824,1.0308161,1.0270401,1.0554202,1.1249695,1.0107186,1.0163215,1.0108404,1.0148599,1.0237515,0.2,0.1,0.15,0.1,0.05,0.014554717,0.014554717,0.09222277,0.038843293,0.022342384,0.2,0.6,0.8,0.1,0.05,1.0,1.0,0.35,0.56666666,0.78333336,-0.8,-0.4,0.45,-0.46666667,-0.73333335,0.7205121,0.33354735,0.3463347,-0.07854453,0.40498406,0.7210801,0.41209158,0.7015446,0.2796302,0.18017457,0.4,0.4,0.4,0.4,0.43333334,0.6,0.5,0.55,0.56666666,0.55,-0.2,-0.1,-0.15,-0.16666667,-0.11666667,0.3333342,0.33593836,0.43202442,0.35519144,0.35562322,0.6666658,0.66406167,0.5679756,0.6448086,0.64437675,-0.33333158,-0.3281233,-0.13595118,-0.28961712,-0.28875354,1.134659,1.0417409,1.0583074,1.0413148,1.2369257,0.31930807,0.25487038,0.4096877,0.38366568,0.5525103,0.5141695,0.81418854,1.2087282,1.3761543,1.449646,0.5176675,0.3361012,0.5050466,0.508649,0.49269843,0.48233253,0.6638988,0.4949534,0.491351,0.50730157,0.035334963,-0.3277976,0.010093241,0.017297959,-0.0146031575
SZ002252,-0.05908427884268617,0.125,,2026-04-24,-0.0053859972,0.012567303,-0.42857224,0.0,0.0,0.0071813064,0.57142776,0.0017953087,0.14285553,1.0054152,1.0054152,0.9927798,0.9995877,1.0288496,1.0361166,1.0523218,1.1299324,1.1335659,1.0144175,1.0210959,1.0348195,1.0523872,1.0939043,0.0108946385,0.010729267,0.018082391,0.034909707,0.049135834,-0.006852707,-0.0025909897,-0.0027119787,-0.0035237009,-0.0026042303,0.9890965,0.53456765,0.7872793,0.78960043,0.85676545,-0.0007121472,-0.009436413,-0.009055627,-0.0012935235,-0.01707948,1.0342907,1.0451419,1.0739913,1.1335802,1.1803854,0.9927798,0.9927798,0.9927798,0.9927798,0.9927798,1.022731,1.0273963,1.0523218,1.0707506,1.1371993,1.0057554,1.014403,1.0216554,1.0266696,1.0361166,0.2,0.1,0.05,0.033333335,0.016666668,0.17393489,0.13788953,0.08890601,0.051279634,0.038486026,0.4,0.4,0.25,0.033333335,0.05,1.0,1.0,1.0,1.0,1.0,-0.6,-0.6,-0.75,-0.96666664,-0.95,-0.9306187,-0.116796434,0.30693126,0.17397833,0.26493073,-0.7077081,-0.26935583,0.3287929,-0.2040961,0.18112074,0.0,0.2,0.3,0.26666668,0.35,1.0,0.8,0.7,0.7,0.56666666,-1.0,-0.6,-0.4,-0.43333334,-0.21666667,0.0,0.22234641,0.34429064,0.2724032,0.3659568,1.0,0.7776536,0.6557094,0.72759676,0.63404316,-1.0,-0.55530715,-0.3114187,-0.45519355,-0.26808634,0.86176986,0.93900716,0.9709226,1.0007018,1.1378453,0.15672725,0.1554846,0.14417319,0.22347632,0.5818463,0.58432984,0.47800264,0.84106994,1.4575654,1.8357778,0.6585521,0.5894584,0.5500781,0.5103487,0.4902054,0.3414479,0.4105416,0.4499219,0.48965135,0.5097946,0.31710422,0.17891683,0.10015619,0.020697318,-0.019589208
SH600938,-0.05924454493321513,0.0,,2026-04-24,0.0047120578,0.02015705,0.23376723,0.010209381,0.5064918,0.0052356124,0.25974098,-0.00026171046,-0.012983569,0.99531007,1.0101615,0.990099,0.9988216,0.9728964,0.99271846,1.0663431,1.1203479,0.7961165,0.9802589,0.97734624,1.000445,1.0258832,0.99137676,0.014708868,0.013588458,0.033706214,0.047184877,0.08308359,0.00790857,0.0011228825,-0.0044334135,-0.0047092503,0.0023247986,0.7227322,0.062594995,0.6055145,0.7719685,0.23880307,0.0039239638,0.017600767,0.041672457,0.042400923,-0.059958294,1.0101615,1.0155878,1.0994515,1.1375048,1.1603944,0.9510473,0.94527155,0.94527155,0.94527155,0.8027697,0.9928802,0.9914644,1.0269012,1.0713592,1.0713592,0.96788025,0.96573627,0.97196597,0.97516185,0.90509707,1.0,1.0,0.65,0.43333334,0.56666666,0.828104,0.7783192,0.35496467,0.28469813,0.5515007,1.0,0.1,0.1,0.033333335,0.45,0.2,0.3,0.65,0.76666665,0.016666668,0.8,-0.2,-0.55,-0.73333335,0.43333334,0.6720024,0.2609833,0.1927382,0.63769054,0.5976329,0.40011856,0.05015315,-0.3494815,-0.07131711,0.5853454,0.6,0.6,0.55,0.46666667,0.51666665,0.4,0.4,0.45,0.53333336,0.48333332,0.2,0.2,0.1,-0.06666667,0.033333335,0.7481488,0.5370371,0.3878248,0.37960333,0.56963253,0.2518512,0.46296293,0.61217517,0.6203967,0.43036747,0.49629757,0.07407417,-0.22435036,-0.24079335,0.13926509,0.8997128,0.973993,1.1296694,1.356306,1.623268,0.2225497,0.21660274,0.3402019,0.48280832,0.97523123,1.0002234,1.005604,1.459982,1.3392096,1.5856724,0.5977719,0.529542,0.4831241,0.4189343,0.49669722,0.4022281,0.47045794,0.5168759,0.5810657,0.5033028,0.19554381,0.059084103,-0.033751804,-0.16213146,-0.006605571
SZ000408,-0.06031241269545089,0.25,,2026-04-24,0.03735637,0.04551723,0.82070833,0.0059769666,0.13131218,0.002183894,0.0479795,0.033563294,0.7373756,0.9639889,1.0057617,0.9618836,0.9832748,0.94016933,0.90506655,0.84744763,0.8779358,0.9961174,0.9724747,0.95008594,0.92120725,0.8924124,0.9106751,0.01741536,0.03039681,0.038267113,0.056097217,0.053143848,0.009143278,0.009357847,0.0060482374,0.0054391045,-0.0007228976,0.68909484,0.868775,0.87432784,0.7285744,0.056434855,0.009238761,0.007803761,0.021334466,0.028720548,0.11065037,1.0066506,1.0066506,1.0066506,1.0066506,1.059505,0.93496,0.8926375,0.83600926,0.76238865,0.76238865,0.98262364,0.9694195,0.95818216,0.94368917,0.9521927,0.9587073,0.9229648,0.88573927,0.85060465,0.8767424,1.0,1.0,1.0,1.0,0.95,0.9072328,0.94166875,0.96102625,0.97277296,0.7997249,0.8,0.9,0.95,0.96666664,0.05,0.4,0.1,0.05,0.23333333,0.6166667,0.4,0.8,0.9,0.73333335,-0.56666666,-0.054325365,0.23669732,0.16538933,-0.54263633,-0.21405564,0.3810314,0.4912882,0.6216636,0.029036708,-0.11080201,0.6,0.5,0.5,0.46666667,0.48333332,0.4,0.5,0.5,0.53333336,0.51666665,0.2,0.0,0.0,-0.06666667,-0.033333335,0.85727805,0.76695895,0.7300917,0.60970795,0.5017026,0.14272194,0.23304105,0.26990828,0.39029205,0.4982974,0.7145561,0.5339179,0.46018344,0.21941592,0.0034052364,0.9724956,0.9782053,0.9465704,1.1682827,1.169042,0.16939965,0.16204943,0.22813253,0.44227275,0.4160934,0.72252166,0.79965913,0.90698576,1.3158711,1.2595226,0.55486035,0.5854111,0.507529,0.51031864,0.50519586,0.44513962,0.4145889,0.49247098,0.48968133,0.49480417,0.10972074,0.17082217,0.015058038,0.020637315,0.010391657
SH601818,-0.06240641174035788,0.0,,2026-04-24,0.0,0.0031446475,0.0,0.0,0.0,0.0031446475,1.0,0.0031446475,1.0,1.0,1.0,0.9968554,0.9980451,1.0,1.003035,1.0379363,1.047041,1.0257967,1.0,1.0024279,1.0062215,1.0160344,1.0220789,0.0,0.0034455168,0.009009711,0.017913476,0.016444447,0.0,-0.0008093118,-0.0009994662,-0.0016923212,-0.00052362395,,0.50574833,0.43070757,0.69168377,0.30924332,0.0,0.0012139695,0.0032733572,0.008504237,-0.006632024,1.0062894,1.0092138,1.0382704,1.0564739,1.0564739,0.9968554,0.9967463,0.9967463,0.9967463,0.99530226,1.0,1.0060698,1.0091047,1.0379363,1.0379363,1.0,1.0,1.0,1.0,1.003035,0.6,0.35,0.2,0.15,0.075,0.333331,0.26097393,0.07835671,0.05447558,0.076796114,0.4,0.4,0.05,0.033333335,0.51666665,0.2,0.1,0.55,0.7,0.1,0.2,0.3,-0.5,-0.6666667,0.41666666,,-0.15134357,0.25485703,0.538671,0.32716486,,-0.42709497,-0.25896096,-0.3710391,-0.32235622,0.0,0.2,0.2,0.23333333,0.33333334,0.0,0.2,0.4,0.43333334,0.41666666,0.0,0.0,-0.2,-0.2,-0.083333336,0.0,0.39999914,0.26415092,0.37190083,0.4676806,0.0,0.60000086,0.7358491,0.62809914,0.5323194,0.0,-0.20000175,-0.47169816,-0.25619835,-0.06463882,1.1542767,1.2570981,1.6188883,2.097309,2.7568212,0.10607297,0.3610961,0.7630292,1.0254447,1.4754118,0.0,1.7401052,2.0993605,1.8262926,1.3136624,0.13125426,0.47400776,0.427975,0.42965987,0.4825684,0.86874574,0.5259922,0.572025,0.57034016,0.5174316,-0.7374915,-0.051984485,-0.14404999,-0.14068028,-0.034863193
SH601066,-0.06426375274873793,0.0,,2026-04-24,-0.004644631,0.012540652,-0.37036598,0.003251312,0.25926182,0.004644709,0.3703722,-0.0032512338,-0.25925556,1.0046663,1.0079328,0.9953336,0.9991658,1.0190275,1.0164905,1.0016913,1.0718815,1.1560253,1.0121776,1.0169979,1.0093658,1.0224665,1.0685765,0.0077817473,0.0074761636,0.012565946,0.027028652,0.053859524,-0.0044397553,-0.0021269768,0.0008199155,-0.0018203921,-0.0028879172,0.81377405,0.741958,0.14901015,0.35154656,0.87688833,-0.0032980784,-0.0074264845,-0.017154938,0.0039291694,0.01661711,1.0266695,1.0328816,1.0463598,1.0941316,1.1615976,0.9953336,0.9953336,0.9751694,0.9751694,0.9751694,1.0175898,1.0229175,1.0190275,1.0327272,1.1260887,1.0071036,1.01463,1.0006765,1.0016067,1.0142918,0.2,0.1,0.2,0.13333334,0.06666667,0.14891508,0.12427776,0.34879103,0.20872664,0.13319114,0.6,0.2,0.5,0.1,0.05,1.0,1.0,0.35,0.56666666,0.78333336,-0.4,-0.8,0.15,-0.46666667,-0.73333335,0.26762494,0.2744167,0.44971055,0.39728734,0.6131855,0.9206865,-0.010389551,0.6633282,0.30958128,0.24057555,0.2,0.4,0.45,0.43333334,0.41666666,0.8,0.6,0.55,0.56666666,0.56666666,-0.6,-0.2,-0.1,-0.13333334,-0.15,0.058823746,0.3106797,0.49502495,0.3731344,0.35322195,0.94117624,0.68932027,0.5049751,0.6268656,0.64677805,-0.88235253,-0.37864056,-0.0099501265,-0.2537312,-0.29355612,1.144752,1.1458247,1.1911471,1.2885189,1.6018882,0.20203151,0.19199379,0.5218071,0.5074515,0.69558626,0.93683785,0.7216257,1.4234583,1.408636,1.1625538,0.54967916,0.1889203,0.48477945,0.48403603,0.47276008,0.4503208,0.8110797,0.5152205,0.515964,0.5272399,0.099358365,-0.6221594,-0.03044108,-0.03192794,-0.05447983
SH601021,-0.06642608456592729,0.125,,2026-04-24,0.00062251434,0.012865722,0.048385493,0.0016600991,0.12903272,0.010583109,0.82258177,0.009545525,0.7419346,0.99937785,1.001659,0.98880136,0.99602133,0.9836177,0.9775719,0.9576792,1.0035105,1.2194052,1.003725,0.9929888,0.9831497,0.9781147,1.0588819,0.004975288,0.013632929,0.018737923,0.02644021,0.09984797,-0.002691373,0.003461427,0.0022495533,0.0010109507,-0.0048170486,0.7315623,0.59094006,0.50444955,0.11330048,0.70987743,0.0016577288,-0.00856522,-0.004520452,0.007226465,0.08322107,1.0172048,1.0172048,1.0265006,1.0284128,1.2399254,0.9871357,0.9545255,0.93428016,0.8933841,0.8933841,1.0086201,1.0022818,1.000156,1.000156,1.1683471,0.999922,0.9834812,0.9616188,0.9586153,0.97874206,0.4,0.7,0.8,0.8,0.41666666,0.42782563,0.72551197,0.7126389,0.78957933,0.30765718,0.4,0.7,0.4,0.1,0.18333334,0.2,0.2,0.1,0.23333333,0.6166667,0.2,0.5,0.3,-0.13333334,-0.43333334,0.3833961,-0.21874177,0.02099111,-0.42276546,-0.55416733,0.72226596,0.6226159,0.7818747,0.20905066,-0.117819026,0.6,0.5,0.4,0.43333334,0.38333333,0.4,0.5,0.6,0.56666666,0.6166667,0.2,0.0,-0.2,-0.13333334,-0.23333333,0.7210524,0.6372314,0.5841738,0.49585253,0.3828857,0.2789476,0.3627686,0.41582623,0.50414747,0.6171143,0.44210482,0.2744628,0.16834754,-0.008294951,-0.23422861,1.4767263,1.6383617,1.967416,2.347689,2.1718981,0.410253,0.47181943,0.7946747,1.0541551,1.2469068,1.5909184,1.1645595,1.8475125,1.6742814,1.7881738,0.5062545,0.41697472,0.39618093,0.46964195,0.49294898,0.49374554,0.5830253,0.6038191,0.5303581,0.507051,0.012508958,-0.16605054,-0.20763813,-0.0607161,-0.014102016
SZ000625,-0.06684548428991999,0.125,,2026-04-24,-0.007014026,0.0090180235,-0.7777786,0.0010019641,0.11110684,0.0010020334,0.111114524,-0.0070139566,-0.77777094,1.0070636,1.0080726,0.9989909,1.0030448,1.0151339,1.0212393,1.0090933,1.0938555,1.1725773,1.0074824,1.0129254,1.0123765,1.0267905,1.0745713,0.0050800457,0.007270938,0.006653666,0.029342381,0.05516591,-0.002117425,-0.001954854,1.708192e-06,-0.0023335884,-0.0029905757,0.43433097,0.6626119,2.30685e-06,0.4901844,0.89632994,-0.0032475835,-0.004128563,-0.012392798,0.007046542,0.013650683,1.028266,1.0423907,1.0423907,1.1029373,1.1866859,0.9989909,0.9989909,0.9969635,0.9969635,0.9969635,1.01073,1.0193686,1.0193686,1.0290724,1.1241491,1.004053,1.0082878,1.0070797,1.0090933,1.012146,0.2,0.1,0.05,0.033333335,0.016666668,0.034469943,0.023251517,0.06684262,0.028653022,0.016004814,0.6,0.4,0.7,0.1,0.033333335,1.0,1.0,0.1,0.4,0.7,-0.4,-0.6,0.6,-0.3,-0.6666667,0.40292698,-0.05209344,0.22070801,-0.13960785,0.04112388,0.65056306,0.801513,0.7202405,0.32606554,0.2352352,0.4,0.4,0.5,0.4,0.41666666,0.6,0.6,0.5,0.56666666,0.55,-0.2,-0.2,0.0,-0.16666667,-0.13333334,0.20051455,0.3092186,0.46406585,0.3025418,0.32466677,0.79948545,0.6907814,0.53593415,0.6974582,0.67533326,-0.5989709,-0.38156283,-0.07186827,-0.39491642,-0.35066646,1.1681584,1.0416,0.8803009,0.85581607,0.8653606,0.3311466,0.4430462,0.36838803,0.31387004,0.3282893,0.6762208,0.95791763,0.90649456,1.1729969,1.0657184,0.4820668,0.5033114,0.5178937,0.52816296,0.5077749,0.5179332,0.4966886,0.48210633,0.47183704,0.49222508,-0.035866354,0.0066227666,0.03578732,0.0563259,0.015549832
SH601319,-0.06722909289124564,0.125,,2026-04-24,-0.002758608,0.016551781,-0.16666533,0.0013793372,0.08333467,0.012413835,0.75,0.008275891,0.5,1.0027663,1.0041494,0.9875518,0.99602056,1.0209303,1.0325581,1.0732558,1.183721,1.2686046,1.01,1.0203488,1.0223255,1.0612403,1.1436241,0.0070057563,0.012752475,0.013314632,0.06156496,0.097428106,-0.0043023285,-0.0037702618,-0.000671446,-0.005838529,-0.005321536,0.942838,0.8012453,0.08900858,0.6970138,0.90992457,-0.0013953275,-0.00338265,-0.015946833,0.02341837,0.013361301,1.0236366,1.045952,1.0586299,1.2040378,1.2963781,0.9875518,0.9875518,0.9875518,0.9875518,0.9875518,1.0146512,1.0351163,1.0351163,1.1195349,1.2479069,1.0046511,1.0113953,1.0113953,1.0167441,1.0274419,0.2,0.1,0.05,0.033333335,0.016666668,0.34497082,0.213153,0.17513388,0.057501066,0.040308014,0.4,0.3,0.05,0.1,0.13333334,1.0,1.0,1.0,1.0,1.0,-0.6,-0.7,-0.95,-0.9,-0.8666667,0.82587445,-0.061112307,0.35199726,0.0049923733,0.24601707,-0.667361,0.38159627,0.3312076,-0.010469171,0.008327715,0.0,0.2,0.25,0.26666668,0.3,1.0,0.8,0.75,0.7,0.6666667,-1.0,-0.6,-0.5,-0.43333334,-0.36666667,0.0,0.20833384,0.36363646,0.30050507,0.34024897,1.0,0.79166615,0.63636357,0.69949496,0.65975106,-1.0,-0.58333236,-0.2727271,-0.39898986,-0.3195021,1.0822062,1.0662307,1.4262819,1.4171628,1.5413753,0.067270435,0.10639354,0.70115215,0.6005688,0.61045843,0.52221686,0.8672449,1.48506,1.3284575,1.2197253,0.123160265,0.31272095,0.45093873,0.5063369,0.4887499,0.87683976,0.68727905,0.5490613,0.49366307,0.5112501,-0.75367945,-0.3745581,-0.09812254,0.012673831,-0.022500215
SH600029,-0.0693882219073674,0.0,,2026-04-24,-0.0053666965,0.012522389,-0.4285681,0.0035777977,0.28571206,0.0035778948,0.28571984,-0.005366599,-0.42856035,1.0053957,1.0089928,0.9964028,1.0014652,1.0263991,1.0422386,1.0232313,1.1362196,1.4403378,1.0244983,1.0280887,1.0332628,1.0412883,1.181767,0.018821677,0.013414414,0.019661512,0.033776514,0.16320075,-0.011721216,-0.0025087171,-0.0008336573,-0.0018297934,-0.008325555,0.9695467,0.32060584,0.06292298,0.22744487,0.7937467,-0.0010559406,-0.01679943,-0.025343146,-0.014756232,0.06383695,1.0480592,1.0664763,1.1056228,1.1489197,1.5205225,0.9964028,0.9964028,0.9964028,0.9676596,0.9676596,1.0401267,1.0365365,1.042661,1.0504751,1.3647307,1.0084476,1.0232311,1.0183738,1.0183738,1.0314677,0.2,0.1,0.05,0.06666667,0.033333335,0.06963709,0.05133463,0.032935366,0.17841993,0.058496263,0.4,0.3,0.4,0.033333335,0.21666667,1.0,1.0,1.0,0.23333333,0.6166667,-0.6,-0.7,-0.6,-0.2,-0.4,0.69217235,0.576421,0.754058,0.23506372,-0.4350887,0.6675926,0.62877095,0.7577038,0.42253548,0.15610147,0.2,0.3,0.3,0.26666668,0.3,0.8,0.6,0.65,0.7,0.68333334,-0.6,-0.3,-0.35,-0.43333334,-0.38333333,0.2881358,0.27272767,0.4676471,0.38251367,0.34428677,0.7118642,0.72727233,0.53235286,0.61748636,0.65571326,-0.42372838,-0.4545447,-0.06470578,-0.23497269,-0.31142646,1.5150986,1.445301,1.4326572,1.5247873,1.3625188,0.47640258,0.3716675,0.46174055,0.4338949,0.46347395,0.69504815,0.86677396,1.5522239,1.3018539,1.2286712,0.46815795,0.47055483,0.44442037,0.4938041,0.50405407,0.53184205,0.5294452,0.55557966,0.5061959,0.49594593,-0.063684106,-0.058890365,-0.11115929,-0.012391823,0.008108158
SZ002938,-0.0703662860649438,0.25,,2026-04-24,-0.044064615,0.080251046,-0.5490846,0.017625872,0.21963418,0.018560559,0.23128119,-0.043129932,-0.5374376,1.0460958,1.0645342,0.9805839,1.0110015,0.8677435,0.78649503,0.70476073,0.73099345,0.76135534,1.0010202,0.92064613,0.8276597,0.79279006,0.79515827,0.06005944,0.094881475,0.11765106,0.108530864,0.08217059,0.024605297,0.02887952,0.018553825,0.009990239,0.0007039442,0.4195992,0.8492362,0.8704488,0.6566696,0.0223843,-0.050230764,-0.05060394,-0.003921032,0.062351484,0.18407536,1.0988187,1.0988187,1.0988187,1.0988187,1.0988187,0.8590463,0.77727,0.6705349,0.6705349,0.6705349,1.0556716,1.0107117,0.92953604,0.8552101,0.8384503,0.957882,0.84017485,0.71163464,0.71127033,0.7252854,0.6,0.8,0.9,0.93333334,0.96666664,0.58786476,0.692679,0.7692682,0.7692682,0.7692682,0.8,0.9,0.95,0.96666664,0.98333335,0.2,0.1,0.1,0.4,0.7,0.6,0.8,0.85,0.56666666,0.28333333,0.38171446,0.7095828,0.81305087,0.7770292,0.681375,0.2466665,0.36304346,0.45870128,0.4366313,0.40127233,0.6,0.7,0.7,0.6,0.51666665,0.4,0.3,0.3,0.4,0.48333332,0.2,0.4,0.4,0.2,0.033333335,0.75384617,0.7906746,0.7769424,0.6696278,0.573601,0.24615385,0.20932534,0.22305761,0.3303722,0.42639896,0.5076923,0.5813493,0.55388474,0.3392556,0.14720204,1.0270619,0.91974664,0.73951083,0.68233484,0.6682083,0.16173884,0.17128153,0.24755093,0.23990272,0.23957735,0.5490293,0.70926064,0.9379813,0.8894337,0.9302936,0.61543995,0.5984454,0.6074322,0.5680777,0.51358944,0.38456008,0.40155458,0.39256778,0.4319223,0.48641056,0.23087987,0.19689085,0.21486442,0.1361554,0.027178884
SZ000983,-0.07113775979559975,0.0,,2026-04-24,-0.0015479899,0.01702782,-0.09090946,0.01083586,0.6363622,0.0046439697,0.27272838,-0.0077398806,-0.45454326,1.0015504,1.012403,0.9953488,1.0032617,0.98599404,1.0046686,1.0976527,1.1580858,1.0588769,0.9956166,0.9976397,1.0140773,1.0466433,1.0758592,0.010249371,0.009049652,0.029034823,0.056096595,0.054939337,0.0051225536,-0.0005737589,-0.0037188353,-0.005497195,-0.0018508754,0.62448007,0.036847375,0.57417405,0.7442365,0.34616837,-0.005861746,0.004942184,0.02125165,0.033066016,-0.02125832,1.012403,1.0138524,1.1193032,1.1813285,1.1937971,0.9720178,0.9720178,0.9720178,0.9720178,0.9720178,1.0015303,1.0040202,1.0291272,1.0985864,1.125535,0.9909739,0.9922189,0.9981325,1.0,1.0076514,0.8,0.6,0.325,0.21666667,0.108333334,0.6928815,0.6688779,0.18998611,0.13368726,0.12617126,1.0,0.1,0.1,0.033333335,0.38333333,0.2,0.6,0.8,0.8666667,0.93333334,0.8,-0.5,-0.7,-0.8333333,-0.55,0.22067536,-0.2475006,0.7223677,0.83915615,0.7557687,0.778765,0.49166942,0.13513324,0.6886274,0.66895616,0.4,0.3,0.35,0.26666668,0.43333334,0.6,0.6,0.6,0.6666667,0.53333336,-0.2,-0.3,-0.25,-0.4,-0.1,0.6459457,0.4678575,0.26972485,0.3332422,0.47577375,0.35405427,0.5321425,0.73027515,0.6667578,0.52422625,0.29189143,-0.064284995,-0.4605503,-0.3335156,-0.048452493,1.1424924,1.0457121,1.4055638,2.0448775,2.2370114,0.27377528,0.24159431,0.6793497,1.5567249,1.3460248,0.765089,0.9372877,1.6886783,2.6082814,1.9345585,0.4453339,0.5158078,0.37429798,0.44120398,0.4991608,0.5546661,0.4841922,0.625702,0.55879605,0.50083923,-0.1093322,0.031615637,-0.25140405,-0.11759204,-0.001678415
SH688111,-0.07136406992545756,0.0,,2026-04-24,-0.0074901283,0.0415538,-0.18025135,0.0033864377,0.081495255,0.030677235,0.7382534,0.019800669,0.4765068,1.0075467,1.0109587,0.96909124,0.99118084,0.99367243,0.94649214,0.96337897,1.1242981,1.33829,1.0007278,0.9927312,0.96896905,0.9887,1.116964,0.006315229,0.02119419,0.031990968,0.050255656,0.15047188,0.0013525267,0.004121574,0.0038654634,-0.0021597994,-0.007998822,0.114670984,0.34666026,0.5109947,0.1431392,0.861869,-0.0034327707,-0.011278292,-0.005690944,0.0426171,0.11900126,1.0186039,1.0476832,1.0476832,1.1302782,1.459639,0.96909124,0.92726755,0.9038982,0.9038982,0.9038982,1.0035672,1.0035672,1.0000712,1.0135965,1.2490232,0.9983469,0.9895279,0.93722224,0.944847,0.973432,0.4,0.6,0.8,0.6666667,0.33333334,0.62425905,0.60401165,0.66837156,0.42451543,0.17292565,0.8,0.2,0.6,0.033333335,0.1,1.0,0.1,0.35,0.56666666,0.78333336,-0.2,0.1,0.25,-0.53333336,-0.68333334,0.6978444,0.32312536,0.68743384,0.20850438,0.3043589,0.51459986,0.86462677,0.7336286,0.48678997,0.2939022,0.6,0.5,0.45,0.4,0.41666666,0.4,0.5,0.55,0.6,0.5833333,0.2,0.0,-0.1,-0.2,-0.16666667,0.5688461,0.64627004,0.5431661,0.39906225,0.37153074,0.43115386,0.35372993,0.4568339,0.6009377,0.6284692,0.13769226,0.2925401,0.08633217,-0.20187548,-0.25693852,0.7619884,0.99621475,0.7624829,0.6997788,0.7165335,0.19561507,0.5170377,0.44316337,0.3757149,0.2930905,0.25531113,1.6517287,1.5450381,1.5360357,1.2915808,0.5876544,0.54058325,0.53074956,0.53509825,0.5127623,0.4123456,0.45941675,0.46925044,0.46490178,0.4872377,0.17530884,0.08116649,0.061499108,0.070196465,0.025524609
SH600918,-0.07417684624022114,0.25,,2026-04-24,-0.0050167185,0.008361197,-0.6,0.0016722395,0.2,0.0016722395,0.2,-0.0050167185,-0.6,1.005042,1.0067227,0.9983193,1.0009159,1.0211382,1.0227642,1.0227642,1.0504065,1.092683,1.0084553,1.0165854,1.017317,1.0257995,1.0484552,0.0057946444,0.009628793,0.011728624,0.018985184,0.029197473,-0.003252033,-0.0030352282,-0.00074209814,-0.0015048333,-0.0015480364,0.7874016,0.9108575,0.14011887,0.48691025,0.8573766,-0.0019512344,-0.0029268488,-0.010267146,-0.0039793793,-0.002788223,1.0212995,1.0328573,1.0430079,1.0734944,1.1125774,0.9983193,0.9983193,0.99165094,0.99165094,0.99165094,1.0110569,1.0247154,1.0292683,1.0383741,1.0780488,1.006504,1.0081301,1.0078049,1.0081301,1.022439,0.2,0.1,0.15,0.1,0.05,0.07313575,0.048661463,0.16256934,0.10201234,0.06904232,0.2,0.3,0.15,0.13333334,0.05,1.0,1.0,0.35,0.56666666,0.78333336,-0.8,-0.7,-0.2,-0.43333334,-0.73333335,0.80396247,-0.13240454,0.25770563,0.3655754,0.48699567,0.23187652,-0.3269583,0.59502304,0.19900209,0.17569473,0.2,0.4,0.45,0.46666667,0.5,0.8,0.6,0.5,0.5,0.45,-0.6,-0.2,-0.05,-0.033333335,0.05,0.066666,0.23076946,0.43636364,0.41530055,0.40716615,0.933334,0.76923054,0.56363636,0.58469945,0.5928339,-0.866668,-0.5384611,-0.1272727,-0.16939892,-0.18566772,1.2089385,1.1502686,1.2768472,1.4663879,1.68924,0.11768394,0.13932364,0.39920196,0.5423675,0.6744923,0.6384302,0.6035515,1.158171,1.663324,1.4869809,0.5183602,0.14918306,0.47967038,0.4823815,0.4743628,0.48163977,0.8508169,0.52032965,0.5176185,0.5256372,0.036720432,-0.7016339,-0.040659275,-0.035236996,-0.051274445
SH600028,-0.07514616194201895,0.125,,2026-04-24,-0.0073665157,0.016574617,-0.44444558,0.0018415868,0.111108854,0.0073665157,0.44444558,-0.0018415868,-0.111108854,1.0074211,1.0092764,0.9925788,1.0000826,1.0318108,1.0778956,1.0909462,1.1986134,1.1060358,1.0134584,1.0359707,1.0644168,1.0879418,1.1557708,0.010122085,0.02792094,0.035470624,0.04784099,0.08922399,-0.0061174617,-0.009051361,-0.0056369514,-0.0051762247,-0.0034960434,0.9131509,0.9633391,0.8839323,0.9072513,0.4682634,-0.0012234787,0.004760489,-0.010865768,-0.012886565,-0.05263753,1.0372343,1.0875415,1.1150657,1.207951,1.5049143,0.9925788,0.9925788,0.9925788,0.9925788,0.9925788,1.0215335,1.059217,1.0933115,1.122186,1.2079935,1.0075041,1.0110114,1.0249592,1.0464927,1.0865415,0.2,0.1,0.05,0.033333335,0.016666668,0.16618755,0.078148425,0.06058756,0.034457494,0.014485009,0.2,0.1,0.15,0.033333335,0.4,1.0,1.0,1.0,1.0,1.0,-0.8,-0.9,-0.85,-0.96666664,-0.6,-0.2605286,-0.7600881,-0.5403913,0.43041778,0.6667017,0.60257906,0.04384306,0.16785683,0.30339426,0.64986366,0.2,0.2,0.35,0.26666668,0.35,0.8,0.8,0.65,0.7,0.6166667,-0.6,-0.6,-0.3,-0.43333334,-0.26666668,0.05681622,0.06787187,0.24943773,0.21520446,0.45849296,0.9431838,0.93212813,0.75056225,0.7847955,0.541507,-0.88636756,-0.86425626,-0.50112456,-0.5695911,-0.083014056,1.0690335,0.9011003,0.8308397,1.0020926,1.4416434,0.25426373,0.2609999,0.21108933,0.35092637,1.1764518,0.5409621,0.6296391,0.6043195,1.0332136,2.4501987,0.52899945,0.59086955,0.50831085,0.41633835,0.5022971,0.47100058,0.40913042,0.49168918,0.5836617,0.49770287,0.05799886,0.18173914,0.016621659,-0.16732329,0.004594246
SH688169,-0.07577471704333687,0.125,,2026-04-24,-0.02269071,0.039878063,-0.5690023,0.0,0.0,0.017187353,0.43099773,-0.005503355,-0.13800457,1.0232176,1.0232176,0.9824136,0.99590534,0.9639718,1.0046012,1.061248,1.164167,1.3251438,1.020688,0.9982181,1.011056,1.0387774,1.1431882,0.015726693,0.02653561,0.029910058,0.049453158,0.11890808,-0.008635927,0.005267959,-0.0022442986,-0.004688791,-0.0064223856,0.7538468,0.36127517,0.19705832,0.6966833,0.88975394,-0.0034161618,-0.021923944,0.01026494,0.029210104,0.04627209,1.0818741,1.0818741,1.0818741,1.1590481,1.3315383,0.9616221,0.9529601,0.9529601,0.9529601,0.9529601,1.0298991,1.024191,1.0398134,1.0832512,1.2820315,1.0092198,0.9763646,0.9839827,0.9883017,1.0263137,0.2,0.6,0.45,0.3,0.15,0.3191453,0.3648935,0.3648935,0.22825147,0.12425411,0.8,0.9,0.95,0.033333335,0.25,0.2,0.4,0.7,0.8,0.9,0.6,0.5,0.25,-0.76666665,-0.65,0.4513229,0.58605486,-0.31737036,-0.25489703,-0.13501978,0.82707846,0.60133547,0.42581633,0.21849571,0.089008465,0.4,0.4,0.4,0.36666667,0.41666666,0.6,0.6,0.6,0.6333333,0.5833333,-0.2,-0.2,-0.2,-0.26666668,-0.16666667,0.6261782,0.4882666,0.42178488,0.3515232,0.34805977,0.3738218,0.5117334,0.5782151,0.6484768,0.6519402,0.25235638,-0.023466848,-0.15643026,-0.2969536,-0.30388045,1.0045711,0.8193825,0.5914926,0.5388117,0.49459347,0.37094846,0.34375772,0.33969814,0.3055253,0.24299115,1.3208342,1.620469,1.7141,1.7230549,1.624329,0.5778234,0.57262665,0.5831215,0.5415661,0.51017976,0.42217657,0.42737335,0.4168785,0.45843393,0.48982027,0.15564686,0.14525332,0.166243,0.08313212,0.020359468
SZ000661,-0.07607525131967609,0.0,,2026-04-24,0.0010550793,0.012895635,0.08181678,0.0067995475,0.52727515,0.0050410083,0.3909081,-0.00070346,-0.054550238,0.998946,1.0067924,0.9939103,0.99959445,1.014402,1.0071424,0.9919208,1.0560857,1.1440343,1.0150108,1.013922,1.0113225,1.0169902,1.0509567,0.013918699,0.0109001985,0.011695915,0.022149347,0.050812062,-0.006884851,-1.48992285e-05,0.0002021343,-0.0010490452,-0.0022053057,0.61169064,1.712656e-05,0.010453931,0.17384742,0.5745182,-0.0012411624,-0.013854881,-0.013242818,-0.0017789921,0.014099779,1.0364151,1.0364151,1.0364151,1.0779841,1.2413657,0.9939103,0.9939103,0.9813773,0.9807974,0.9807974,1.0224577,1.020116,1.0188982,1.032949,1.069472,1.0021545,1.0021545,0.9999063,0.9990399,1.0107956,0.2,0.2,0.25,0.26666668,0.13333334,0.14327006,0.14327006,0.3383615,0.1975846,0.0736951,0.4,0.7,0.85,0.1,0.33333334,1.0,1.0,0.05,0.23333333,0.6166667,-0.6,-0.3,0.8,-0.13333334,-0.28333333,0.6019718,0.6684628,0.7098638,0.13089952,0.63710034,0.58677584,0.65866446,0.73978394,0.21587408,0.49826667,0.4,0.5,0.5,0.43333334,0.43333334,0.6,0.5,0.5,0.56666666,0.56666666,-0.2,0.0,0.0,-0.13333334,-0.13333334,0.3660127,0.46124518,0.5165945,0.4270984,0.4248836,0.6339873,0.5387548,0.48340547,0.5729016,0.5751164,-0.26797462,-0.07750962,0.03318908,-0.14580321,-0.15023279,1.4801967,1.347176,1.284819,1.2403035,1.7703446,0.40983382,0.33990553,0.31335008,0.32921302,1.3856378,0.7159562,0.73041195,0.7536887,1.0566424,1.9764034,0.44653258,0.44773293,0.5106231,0.48542064,0.4905373,0.55346745,0.5522671,0.4893769,0.51457936,0.5094627,-0.10693485,-0.10453412,0.021246187,-0.029158728,-0.018925447
SH600690,-0.07939342143789252,0.125,,2026-04-24,-0.00097554654,0.014146336,-0.06896107,0.0029268316,0.20689678,0.010243959,0.72414213,0.0063415803,0.4482843,1.0009764,1.0039061,0.98974603,0.99745023,1.0180732,1.0195314,1.1284233,1.2324212,1.2641597,1.0086919,1.0152849,1.0276383,1.0799174,1.1622335,0.007352295,0.009586861,0.021674793,0.08018099,0.10189528,-0.004297346,-0.0023172302,-0.0029773565,-0.008297005,-0.0053053834,0.8540726,0.5355462,0.66041934,0.82985365,0.82684714,-9.719841e-05,-0.004857332,0.0006465411,0.040389184,-0.005724646,1.0229493,1.0390673,1.0986333,1.2407242,1.2934635,0.98974603,0.98974603,0.98974603,0.98974603,0.98974603,1.014748,1.0235349,1.0439456,1.16084,1.2548801,1.0019531,1.0083008,1.0121076,1.0139681,1.0282278,0.2,0.1,0.05,0.033333335,0.016666668,0.3088238,0.20790158,0.094170414,0.040855993,0.033761516,0.4,0.4,0.05,0.1,0.31666666,1.0,1.0,1.0,1.0,1.0,-0.6,-0.6,-0.95,-0.9,-0.68333334,0.47668922,-0.10082285,0.6640765,-0.45421714,-0.3604747,0.7646182,0.54514396,-0.3897398,-0.47179005,-0.24563283,0.2,0.4,0.35,0.3,0.35,0.8,0.6,0.65,0.7,0.6333333,-0.6,-0.2,-0.3,-0.4,-0.28333333,0.12234427,0.3276141,0.2595852,0.21597283,0.32954556,0.87765574,0.6723859,0.7404148,0.78402716,0.67045444,-0.7553115,-0.3447718,-0.48082963,-0.5680543,-0.3409089,1.1008774,1.0056149,1.226384,1.1005923,1.019096,0.20983312,0.18213838,0.46787986,0.46136454,0.42470098,0.45952877,0.5202477,1.2692153,1.3578687,1.3318803,0.5212628,0.50562507,0.50800294,0.51380557,0.4962878,0.4787372,0.49437496,0.49199703,0.48619443,0.5037122,0.042525597,0.0112500815,0.016005922,0.02761111,-0.0074244
SH603259,-0.08016151730881427,0.25,,2026-04-24,0.010602781,0.030596847,0.3465318,0.012521519,0.40924212,0.0074725477,0.24422607,0.0055538095,0.18151574,0.98950845,1.0123901,0.9821143,0.9986203,0.9931295,1.0624632,0.9465667,0.9183778,0.98472774,0.9948726,1.0211653,1.018311,0.9855051,0.9753118,0.0067404713,0.034783226,0.03454886,0.056030367,0.047113694,0.002273171,-0.009329918,0.0005377789,0.004634816,0.0009256362,0.2843307,0.6595192,0.008480241,0.5302978,0.117729746,0.00058102875,0.020819362,-0.023419939,-0.052709937,-0.002618082,1.0123901,1.0866339,1.0866339,1.0866339,1.0866339,0.9753351,0.9753351,0.93734556,0.8701993,0.8701993,1.0002198,1.0579404,1.057218,1.0409957,1.0138354,0.9903184,0.99284685,0.9903184,0.9321032,0.9320718,0.8,0.5,0.45,0.6333333,0.73333335,0.6656286,0.22160971,0.41968724,0.5997224,0.5997224,1.0,0.3,0.65,0.76666665,0.8833333,0.4,0.7,0.05,0.23333333,0.6166667,0.6,-0.4,0.6,0.53333336,0.26666668,0.6113339,-0.24762514,-0.12674716,0.20145968,0.26165473,0.32464504,-0.6318266,-0.035311192,0.07400244,0.1525972,0.6,0.5,0.6,0.6,0.5,0.4,0.5,0.4,0.4,0.46666667,0.2,0.0,0.2,0.2,0.033333335,0.60330486,0.25007874,0.5821959,0.583635,0.50829107,0.3966951,0.74992126,0.41780415,0.41636503,0.49170896,0.20660977,-0.49984252,0.16439171,0.16726992,0.016582081,1.0170339,1.1532799,1.3095363,1.2449434,1.1624271,0.13170338,0.47071066,0.45982572,0.47474283,0.3841465,0.6446112,2.131437,1.5218492,1.5662613,1.4441484,0.1360947,0.497886,0.48955908,0.50553787,0.49419376,0.8639053,0.502114,0.51044095,0.49446213,0.50580627,-0.72781056,-0.0042280057,-0.02088185,0.011075719,-0.011612489
SH600809,-0.08296445898465227,0.125,,2026-04-24,0.0063093984,0.028144054,0.2241823,0.012902305,0.45843804,0.00893235,0.31737965,0.0023394437,0.0831239,0.9937302,1.0128214,0.9848538,0.99999374,0.98273927,0.97836894,1.0412031,1.1112967,1.1763896,0.98198915,0.9802641,0.9944546,1.0253918,1.0964253,0.01874548,0.015640467,0.023286475,0.052705288,0.08836293,0.008230124,0.0023401454,-0.0026115205,-0.0053345896,-0.0046647834,0.48190293,0.20520964,0.4401973,0.7939541,0.85000706,0.0015506214,0.009205234,0.03035484,0.05195977,0.041185815,1.025146,1.025146,1.0567064,1.1463889,1.29601,0.95117646,0.951034,0.951034,0.951034,0.951034,1.0006051,0.9955456,1.0141827,1.0576928,1.1689516,0.9644195,0.9644195,0.9783542,0.9796254,0.999647,0.8,0.9,0.65,0.43333334,0.21666667,0.6600489,0.6607023,0.46337497,0.25065145,0.1419402,0.8,0.9,0.15,0.1,0.18333334,0.6,0.1,0.55,0.7,0.85,0.2,0.8,-0.4,-0.6,-0.6666667,0.75040853,0.37822017,-0.29269093,-0.35563666,0.37947348,0.75699717,0.6098748,0.18085353,0.13183996,0.47274986,0.4,0.4,0.35,0.33333334,0.31666666,0.6,0.6,0.65,0.6333333,0.6666667,-0.2,-0.2,-0.3,-0.3,-0.35,0.6425965,0.5816091,0.42086366,0.35497227,0.40616968,0.35740352,0.41839093,0.5791364,0.6450277,0.5938303,0.28519294,0.16321814,-0.15827268,-0.29005542,-0.18766062,1.0219312,0.91764253,0.7946042,0.7314649,0.86107147,0.5092698,0.3898107,0.33500248,0.29226518,0.46376458,1.7560391,1.4377351,1.3769857,1.3726524,2.403342,0.6048736,0.50979584,0.5259082,0.535413,0.49798998,0.3951264,0.4902042,0.47409186,0.46458697,0.50201005,0.20974721,0.019591657,0.05181631,0.07082604,-0.0040200623
SH688126,-0.08520459058339298,0.0,,2026-04-24,0.017114915,0.043031774,0.3977274,0.023960907,0.55681896,0.0019559523,0.045453675,-0.004890039,-0.11363787,0.9831731,1.0235577,0.98125005,1.0001165,0.8719424,0.8522782,0.8407674,0.93908876,1.1270983,0.98081535,0.9194245,0.8744125,0.8772502,0.9472822,0.024311861,0.06694882,0.066743396,0.05798618,0.09354876,0.0044604302,0.019719498,0.009446276,0.0019935817,-0.0040437155,0.084150575,0.795275,0.7010883,0.09160533,0.5698821,0.0102637885,-0.008162203,0.0358479,0.09384286,0.17200743,1.0317427,1.0317427,1.0317427,1.0317427,1.1770681,0.8894231,0.84266686,0.79856116,0.79856116,0.79856116,1.0,0.9961631,0.9521343,0.9307434,1.0179377,0.9567386,0.8557314,0.8258993,0.8344365,0.85170263,0.9,0.95,0.975,0.98333335,0.71666664,0.7769618,0.8321165,0.8638712,0.8638712,0.5321932,0.8,0.9,0.95,0.96666664,0.083333336,0.2,0.1,0.3,0.53333336,0.76666665,0.6,0.8,0.65,0.43333334,-0.68333334,0.69856113,0.9331089,0.94777155,0.8166688,0.73740345,0.97271675,0.8891602,0.8413901,0.731292,0.6048285,0.8,0.7,0.6,0.5,0.45,0.2,0.3,0.4,0.5,0.55,0.6,0.4,0.2,0.0,-0.1,0.7822411,0.78838944,0.6844444,0.5529608,0.4471901,0.21775891,0.21161056,0.31555554,0.44703922,0.5528099,0.5644822,0.5767789,0.36888888,0.10592157,-0.105619766,1.1675433,0.80046415,0.55454814,0.48773086,0.5596597,0.36777502,0.4639953,0.41035137,0.34782052,0.337582,1.4229162,2.0621123,2.4861238,2.7075443,2.1355667,0.5797858,0.5895581,0.58845264,0.5675203,0.4872768,0.42021415,0.41044188,0.4115474,0.4324797,0.5127232,0.1595717,0.17911626,0.17690521,0.13504058,-0.02544641
SH600027,-0.08614467766594763,0.0,,2026-04-24,-0.0040815896,0.014285755,-0.28571045,0.0020408905,0.14286193,0.008163275,0.57142764,0.0020407948,0.14285523,1.0040983,1.0061476,0.9918033,1.0004284,0.95084894,0.93833774,1.0920465,1.1081322,1.0268096,0.98409295,0.9663092,0.9638069,1.0022043,1.01409,0.017310154,0.022458456,0.028946854,0.060732625,0.049544618,0.01054512,0.007068007,8.1975086e-05,-0.005055763,-0.00090179965,0.92777187,0.9079157,0.00028069137,0.53707004,0.10104784,-0.0051831943,0.0018847805,0.035414286,0.07110422,0.0125131365,1.0061476,1.0061476,1.0672151,1.1310414,1.1310414,0.95043737,0.9319323,0.92173004,0.92173004,0.92173004,1.0003575,0.98641646,0.9848079,1.0714924,1.0647006,0.97211796,0.9492403,0.9397676,0.9492403,0.96425384,0.8,0.9,0.9,0.6,0.4,0.8896509,0.9171657,0.5379932,0.37394038,0.37394038,1.0,1.0,0.05,0.3,0.65,0.2,0.1,0.35,0.56666666,0.78333336,0.8,0.9,-0.3,-0.26666668,-0.13333334,0.67727506,0.8046836,0.7442785,0.6416444,0.5000446,0.7871327,0.71865696,0.23078066,0.35434636,0.32863235,0.8,0.7,0.45,0.4,0.43333334,0.2,0.2,0.45,0.5,0.46666667,0.6,0.5,0.0,-0.1,-0.033333335,0.96610177,0.925926,0.33753943,0.3742204,0.4804178,0.03389824,0.07407398,0.66246057,0.62577957,0.5195822,0.93220353,0.85185206,-0.32492113,-0.2515592,-0.039164435,1.1276001,0.944743,1.1825534,1.3426505,1.198606,0.33689225,0.31246573,0.6782541,0.69522655,0.65697557,0.8319467,1.1256984,1.6109385,1.4152054,1.5490872,0.5725513,0.55879456,0.38453516,0.45923463,0.50847626,0.42744866,0.4412054,0.61546487,0.5407654,0.49152377,0.14510268,0.11758917,-0.2309297,-0.08153075,0.016952476
SH688041,-0.08746578300193095,0.0,,2026-04-24,0.0339949,0.08068789,0.4213135,0.030112777,0.37320068,0.016580215,0.2054858,0.020462336,0.2535986,0.96712273,1.0291227,0.95108765,0.9893074,0.9122727,0.81339157,0.76737756,0.8491258,1.0105944,0.9276643,0.90559435,0.8385629,0.8191037,0.8550128,0.042967282,0.039075397,0.07587185,0.06997939,0.06861299,0.02010139,0.010558592,0.012076555,0.005845291,-0.0015233288,0.54716265,0.6692936,0.88673294,0.5407214,0.15033995,0.032132912,0.04689196,0.04670982,0.09613959,0.18992542,1.0291227,1.0291227,1.0291227,1.0291227,1.0823215,0.8782243,0.8421034,0.736885,0.7122161,0.7122161,0.93935657,0.9196643,0.9100349,0.8864405,0.91304195,0.90480417,0.881937,0.76202095,0.75888807,0.779972,1.0,1.0,1.0,1.0,0.98333335,0.8070043,0.84427947,0.9003457,0.90810305,0.7775727,1.0,1.0,1.0,1.0,0.016666668,0.4,0.1,0.15,0.26666668,0.6333333,0.6,0.9,0.85,0.73333335,-0.6166667,0.9558305,0.50162154,0.81482357,0.71829593,0.62025756,0.7772787,0.6621644,0.6973429,0.5449223,0.46625188,0.8,0.9,0.75,0.6333333,0.48333332,0.2,0.1,0.25,0.36666667,0.51666665,0.6,0.8,0.5,0.26666668,-0.033333335,0.7875315,0.87108886,0.76785576,0.6200947,0.4956856,0.21246852,0.12891115,0.23214422,0.3799053,0.5043144,0.57506293,0.7421777,0.5357116,0.24018939,-0.008628796,0.6039731,0.60287875,0.47860116,0.43544623,0.44157752,0.24408424,0.18690898,0.19916518,0.17679228,0.16845112,1.3302585,1.233928,1.2897937,1.256353,1.1348928,0.7423231,0.6197208,0.5963706,0.5940553,0.48937336,0.2576769,0.38027918,0.40362942,0.40594468,0.5106266,0.4846462,0.23944165,0.19274117,0.18811063,-0.021253265
SZ300408,-0.08795987933260449,0.375,,2026-04-24,0.039938983,0.06503954,0.6140724,0.025100552,0.3859276,0.0,0.0,0.014838432,0.22814481,0.9615949,1.0241365,0.9615949,0.994826,0.86906046,0.7950499,0.7361061,0.7498496,0.70636356,0.91124743,0.8845814,0.81408936,0.7860279,0.7681989,0.05876997,0.050288886,0.083142705,0.07916567,0.07593352,0.036015887,0.013706716,0.013405987,0.007677014,0.0025246625,0.9388955,0.68097985,0.90994954,0.7288072,0.33716258,0.01672079,0.053738404,0.05855374,0.10265539,0.15732355,1.0241365,1.0241365,1.0241365,1.0241365,1.0241365,0.8425219,0.7819917,0.69542676,0.6761025,0.6380985,0.94784075,0.90172017,0.87310237,0.8680019,0.8424937,0.8743955,0.858613,0.73047036,0.72709614,0.7039396,1.0,1.0,1.0,1.0,1.0,0.8671001,0.9003218,0.92657185,0.93064886,0.9374762,1.0,1.0,1.0,1.0,1.0,0.2,0.1,0.1,0.23333333,0.13333334,0.8,0.9,0.9,0.76666665,0.8666667,0.9131129,0.6345667,0.8230346,0.6437745,0.5393791,0.21767576,0.49626973,0.5128896,0.28098115,0.50422996,0.8,0.8,0.7,0.6,0.45,0.2,0.2,0.3,0.4,0.53333336,0.6,0.6,0.4,0.2,-0.083333336,0.87251884,0.8997068,0.8186969,0.7124323,0.61811674,0.12748116,0.10029324,0.18130305,0.28756765,0.3818833,0.7450377,0.7994135,0.6373939,0.4248647,0.23623341,0.7243658,0.68354684,0.5548418,0.54126763,0.5792939,0.21675768,0.20479494,0.21342166,0.18500295,0.19739382,0.7858769,0.9690782,1.0783817,1.0604349,1.5134364,0.8826752,0.6016955,0.62158996,0.54351914,0.52052,0.117324814,0.39830452,0.37841,0.45648086,0.47948,0.76535034,0.20339094,0.24317996,0.08703827,0.04103998
SH601138,-0.09228453740969969,0.0,,2026-04-24,-0.023433981,0.05317711,-0.44067794,0.009613969,0.1807915,0.020129161,0.37853056,-0.012918789,-0.24293889,1.0239964,1.033841,0.9793878,1.0037012,0.9378633,0.86939675,0.7651467,0.8081643,0.9470353,0.9929467,0.9467769,0.8798734,0.8457391,0.85428023,0.04621401,0.06097471,0.084936164,0.0855962,0.066540316,0.020759586,0.018545879,0.013828721,0.008424294,0.00021492204,0.5044639,0.8480214,0.9277837,0.75068855,0.0031819404,-0.034465827,-0.03023336,-0.011246247,0.0321086,0.13937956,1.0629784,1.0629784,1.0629784,1.0629784,1.0629784,0.9210192,0.852251,0.74345255,0.7283595,0.7283595,1.0321147,1.0057874,0.94502,0.91760755,0.90740216,0.94595015,0.9029583,0.8021703,0.77390516,0.8023511,0.6,0.8,0.9,0.93333334,0.96666664,0.5563627,0.701138,0.8029004,0.8117906,0.8117906,0.8,0.9,0.95,0.96666664,0.98333335,0.4,0.1,0.1,0.23333333,0.6166667,0.4,0.8,0.85,0.73333335,0.36666667,0.8412761,0.7350233,0.7119085,0.7432189,0.61386204,0.8213199,0.83776987,0.759033,0.63142854,0.41039422,0.6,0.6,0.6,0.53333336,0.5,0.4,0.4,0.4,0.46666667,0.5,0.2,0.2,0.2,0.06666667,0.0,0.7005838,0.73135006,0.7394626,0.6455597,0.5227122,0.29941618,0.26864994,0.26053742,0.3544403,0.47728783,0.40116766,0.46270016,0.47892517,0.2911194,0.045424316,0.91496354,0.8188246,0.707746,0.6212271,0.59406394,0.2582097,0.22691968,0.25777516,0.24609855,0.22258395,1.2435883,1.1126484,1.1222272,1.2069958,1.2068273,0.6173066,0.5631391,0.56500643,0.5426732,0.5163092,0.3826934,0.43686092,0.43499357,0.45732683,0.48369077,0.23461321,0.12627816,0.1300129,0.08534635,0.03261845
SZ000999,-0.09318130239252628,0.125,,2026-04-24,-0.0047654347,0.0076978784,-0.61905825,0.00036648396,0.04760844,0.0025659595,0.33333334,-0.0025659595,-0.33333334,1.0047883,1.0051565,0.99742174,1.0003628,1.0121894,1.0239062,1.0309931,1.085798,1.0445999,1.0079751,1.0127184,1.0241,1.0385398,1.0518489,0.0057533453,0.009529955,0.015850965,0.026562696,0.028830506,-0.0036095672,-0.0016069185,-0.0020974916,-0.0027248778,-0.00071345177,0.98403233,0.26062584,0.612854,0.8155516,0.18677749,-0.0007559178,-0.0054873624,-0.004173794,0.00097093766,-0.030802043,1.0199244,1.034219,1.064092,1.1068332,1.1230003,0.99742174,0.99742174,0.99742174,0.99742174,0.99742174,1.012624,1.0162714,1.036776,1.0637249,1.0801663,1.0038552,1.0074648,1.0096381,1.0121894,1.027837,0.2,0.1,0.05,0.033333335,0.016666668,0.11457514,0.07006632,0.038671587,0.02356467,0.02053095,0.4,0.4,0.25,0.2,0.45,1.0,1.0,1.0,1.0,1.0,-0.6,-0.6,-0.75,-0.8,-0.55,-0.1055181,0.83774436,0.6679869,0.2582777,0.32127345,-0.7199345,0.8156199,0.65090406,0.58288884,0.5879741,0.2,0.3,0.4,0.36666667,0.4,0.8,0.7,0.6,0.6333333,0.5833333,-0.6,-0.4,-0.2,-0.26666668,-0.18333334,0.13143139,0.34740722,0.4242147,0.366706,0.4628931,0.8685686,0.6525928,0.57578534,0.633294,0.53710693,-0.7371372,-0.30518553,-0.15157062,-0.26658797,-0.07421382,1.0483944,1.420184,1.615498,1.6269971,1.7468827,0.06916291,0.5781054,0.5171395,0.5234196,0.82733774,0.34062496,1.3618336,0.8883579,0.9552137,1.8030522,0.1958862,0.35445583,0.46370238,0.49750814,0.49878657,0.8041138,0.6455442,0.5362976,0.5024919,0.50121343,-0.6082276,-0.29108834,-0.07259526,-0.004983742,-0.0024268376
SH688303,-0.10249542415469788,0.0,,2026-04-24,-0.013781213,0.035314422,-0.39024323,0.00904397,0.25609848,0.012489238,0.3536583,-0.0103359455,-0.29268342,1.0139738,1.0231441,0.9873362,1.001617,0.97122586,0.9085534,0.93535674,1.0504533,1.0622783,1.0134805,0.9923138,0.9522468,0.9611615,1.0098344,0.007756185,0.024397494,0.04726975,0.043899186,0.0646727,-0.002798584,0.006165718,0.006090019,0.0002535999,-0.002846595,0.32547706,0.585448,0.58094996,0.0025863473,0.59089345,-0.0078833485,-0.02005951,-0.010101945,0.03516131,0.07414009,1.0845107,1.0845107,1.0845107,1.0845107,1.1740404,0.9650286,0.90300363,0.8747314,0.8747314,0.8747314,1.0177375,1.0167127,1.002838,1.0057548,1.0519512,1.0113521,0.96917623,0.9071344,0.9162791,0.9561687,0.2,0.6,0.8,0.76666665,0.38333333,0.29269195,0.5343946,0.59714484,0.59714484,0.41852587,0.4,0.7,0.85,0.9,0.033333335,0.2,0.1,0.35,0.56666666,0.78333336,0.2,0.6,0.5,0.33333334,-0.75,0.4471044,0.5920193,0.87142265,0.67048675,0.41650227,0.7978273,0.9139812,0.85933214,0.7920513,0.65620047,0.6,0.5,0.5,0.4,0.48333332,0.4,0.5,0.5,0.6,0.51666665,0.2,0.0,0.0,-0.2,-0.033333335,0.69945323,0.71481466,0.5879828,0.44888178,0.47385836,0.30054677,0.28518537,0.41201723,0.5511182,0.52614164,0.39890647,0.42962927,0.17596553,-0.102236435,-0.052283276,1.146329,1.0206791,0.7577507,0.71154493,0.70973444,0.17439146,0.29534528,0.3445057,0.30107427,0.31300068,1.3528166,1.3815572,1.5446974,1.5786761,1.6011524,0.60483,0.56624687,0.5555578,0.5109412,0.5145358,0.39516994,0.4337531,0.4444422,0.48905876,0.48546422,0.2096601,0.1324938,0.1111156,0.021882452,0.029071564
SH688256,-0.10335607931465574,0.25,,2026-04-24,0.024900699,0.096996196,0.2567183,0.043254226,0.44593737,0.028841266,0.29734433,0.010487741,0.10812528,0.97570425,1.0422033,0.9475637,0.99882793,0.98632157,0.8951571,0.7577819,0.8125693,1.0010129,0.9938188,0.96837705,0.88286656,0.8463172,0.852643,0.016231643,0.036911868,0.10139928,0.098708555,0.08332689,-0.0043179216,0.009819124,0.016375422,0.009468751,0.00032102063,0.17691498,0.6486717,0.9128162,0.7131444,0.004526843,0.014816999,-0.012563126,-0.038433053,0.01638592,0.13788688,1.0422033,1.0422033,1.0422033,1.0422033,1.0422033,0.9475637,0.88866544,0.72680223,0.71571165,0.71571165,1.0038004,0.9908318,0.9839556,0.96872455,0.9432577,0.982329,0.93722445,0.75812197,0.75784105,0.7755416,0.8,0.9,0.95,0.96666664,0.96666664,0.55406266,0.7251276,0.86619157,0.8707369,0.8707369,1.0,1.0,1.0,1.0,1.0,1.0,0.1,0.15,0.23333333,0.6166667,0.0,0.9,0.85,0.76666665,0.38333333,0.15457077,-0.043353613,0.38054743,0.34824702,0.09508753,0.22004558,0.043048017,0.57170254,0.4558167,0.20220059,0.6,0.8,0.7,0.53333336,0.46666667,0.4,0.2,0.3,0.46666667,0.51666665,0.2,0.6,0.4,0.06666667,-0.05,0.56473076,0.76634127,0.75568986,0.64909667,0.49960098,0.4352692,0.23365876,0.24431016,0.35090333,0.50039905,0.12946157,0.5326825,0.51137966,0.29819334,-0.0007980669,0.68723017,0.6903444,0.67555475,0.6508333,0.6529976,0.17931582,0.16644503,0.20160446,0.18817046,0.23661566,0.636176,0.56664157,1.0851415,1.1251495,1.3945117,0.82730955,0.5887021,0.58993834,0.5483198,0.51690525,0.17269048,0.41129792,0.4100617,0.45168015,0.48309475,0.65461904,0.17740418,0.17987664,0.09663969,0.033810478
SH688008,-0.10390190657904719,0.0,,2026-04-24,-0.02095805,0.0634731,-0.33018792,0.02994022,0.47169936,0.01257483,0.19811274,-0.03832344,-0.6037745,1.0214067,1.0519879,0.987156,1.0101839,0.92219585,0.8778635,0.8378635,0.90427303,0.9787537,0.97813654,0.9506113,0.8815549,0.8827458,0.9435361,0.022599896,0.0340557,0.07894062,0.067378156,0.08913109,0.011608314,0.009347365,0.012407578,0.0031592513,-0.003265254,0.6595768,0.69057405,0.8646512,0.17038517,0.40933174,-0.0013531476,0.007325569,0.00057310564,0.071445055,0.15278888,1.0519879,1.0519879,1.0519879,1.0519879,1.1552212,0.9153852,0.87083966,0.764519,0.764519,0.764519,0.9992879,0.9812582,0.95051634,0.9383027,1.0271928,0.9642611,0.9232878,0.7937686,0.82250446,0.8651276,1.0,1.0,1.0,1.0,0.68333334,0.619423,0.7130094,0.8191532,0.8191532,0.6027122,1.0,1.0,1.0,1.0,0.13333334,0.4,0.1,0.15,0.43333334,0.71666664,0.6,0.9,0.85,0.56666666,-0.5833333,0.827332,0.54061484,0.82374215,0.77205086,0.56136763,0.11295852,0.50328785,0.5110874,0.5738751,0.41989225,0.8,0.7,0.55,0.5,0.45,0.2,0.3,0.45,0.5,0.55,0.6,0.4,0.1,0.0,-0.1,0.8177411,0.74915254,0.6754431,0.5636895,0.5059516,0.18225889,0.2508475,0.32455692,0.43631053,0.49404842,0.6354822,0.49830502,0.35088617,0.12737894,0.0119031845,0.87218475,0.84002703,0.6744255,0.6345513,0.69604343,0.1489676,0.14096478,0.22441326,0.20082915,0.2964401,0.21560282,0.6455118,0.93195057,0.82887685,1.120386,0.8905991,0.6501152,0.6220332,0.582475,0.47484156,0.10940093,0.34988478,0.37796682,0.417525,0.52515846,0.78119814,0.3002304,0.24406639,0.16495,-0.050316874
SH688981,-0.10673104068968184,0.0,,2026-04-24,0.05095661,0.08183375,0.62268454,0.021689711,0.26504603,0.009187428,0.112269424,0.038454324,0.4699079,0.95151407,1.0206381,0.9427721,0.98766214,0.9483598,0.91032803,0.8731074,0.9553893,1.146269,0.97373825,0.95143294,0.9111076,0.9170001,0.97727406,0.016335271,0.028389033,0.04994814,0.046552114,0.08059254,0.0040735565,0.008546356,0.007740309,0.0010722283,-0.0036367297,0.15546577,0.8307536,0.84051603,0.041114733,0.62105805,0.018114617,0.010108474,0.015359484,0.067452595,0.13000946,1.0206381,1.0206381,1.0206381,1.0206381,1.1789833,0.9427721,0.8987022,0.82191783,0.82191783,0.82191783,0.97837055,0.97231436,0.9577866,0.9615357,1.0467196,0.96578944,0.9321557,0.863266,0.872116,0.90582186,1.0,1.0,1.0,1.0,0.6333333,0.73495394,0.8307466,0.89614516,0.89614516,0.49873808,1.0,1.0,1.0,1.0,0.016666668,1.0,0.1,0.35,0.56666666,0.78333336,0.0,0.9,0.65,0.43333334,-0.76666665,0.82387483,0.54196924,0.72513336,0.51161486,0.4666132,0.7258953,0.6984783,0.6440161,0.4795159,0.33797774,0.6,0.7,0.6,0.56666666,0.48333332,0.4,0.3,0.4,0.43333334,0.51666665,0.2,0.4,0.2,0.13333334,-0.033333335,0.77259785,0.8215905,0.68276227,0.54275346,0.42784742,0.22740218,0.17840952,0.3172377,0.4572465,0.57215255,0.54519564,0.64318097,0.36552456,0.08550696,-0.14430514,0.5814621,0.5460404,0.46295485,0.43898204,0.45610976,0.24664593,0.19979933,0.17752418,0.15385306,0.16781877,1.2627707,1.360649,1.1540077,1.1003855,1.1489024,0.7687245,0.659045,0.6195077,0.5962787,0.4951188,0.23127551,0.34095505,0.38049236,0.40372127,0.5048812,0.537449,0.3180899,0.2390153,0.19255744,-0.009762397
SZ000938,-0.1076747299651859,0.125,,2026-04-24,0.014248733,0.056347165,0.25287402,0.026878212,0.47701088,0.015220222,0.27011514,0.0025907448,0.045978263,0.9859514,1.0265006,0.97094506,0.996704,0.8844468,0.8649494,0.81097394,0.8467489,0.84898484,0.9480189,0.919001,0.86766165,0.85273975,0.8280878,0.05284011,0.047096074,0.06545134,0.058360275,0.050938223,0.030046515,0.012106847,0.010223002,0.0050592637,0.0017266271,0.8083526,0.6057649,0.85386235,0.58242726,0.3504365,-0.008111965,0.026518226,0.035219844,0.07390093,0.120976694,1.0265006,1.0265006,1.0265006,1.0265006,1.0265006,0.87164235,0.85568637,0.7614899,0.7614899,0.74168706,0.9969233,0.9634916,0.9027457,0.89101154,0.8563456,0.9019676,0.8838655,0.8026384,0.8065289,0.7942492,1.0,1.0,1.0,1.0,1.0,0.82887185,0.84485716,0.9000017,0.9000017,0.9069545,1.0,1.0,1.0,1.0,1.0,0.4,0.1,0.1,0.4,0.45,0.6,0.9,0.9,0.6,0.55,0.8860128,0.84018314,0.8713564,0.8654589,0.7874158,0.8804606,0.8865418,0.80171925,0.8149881,0.66751873,0.8,0.6,0.6,0.53333336,0.48333332,0.2,0.4,0.4,0.46666667,0.51666665,0.6,0.2,0.2,0.06666667,-0.033333335,0.8467528,0.76016563,0.70940274,0.6102001,0.5713562,0.15324719,0.23983437,0.29059726,0.38979992,0.42864385,0.69350564,0.52033126,0.41880545,0.22040015,0.1427123,0.9045291,0.75483036,0.59498745,0.53962755,0.38725087,0.4238149,0.34252366,0.3005911,0.2676601,0.25831074,1.1474427,1.2590696,1.3533033,1.2799276,1.6131617,0.69047254,0.5933795,0.5983962,0.51592,0.54490674,0.30952746,0.40662053,0.40160382,0.48408005,0.45509326,0.3809451,0.18675895,0.19679236,0.03183992,0.08981347
SZ002916,-0.11156182274338064,0.125,,2026-04-24,-0.011934442,0.06409839,-0.18618944,0.026229497,0.4092068,0.025934448,0.40460375,-0.012229491,-0.1907925,1.0120786,1.0386249,0.9737523,1.0017997,0.93927366,0.8694863,0.7708412,0.83823675,0.81994563,0.9868023,0.95085615,0.85694915,0.84384596,0.8410716,0.0200478,0.043936674,0.106586024,0.09064908,0.07602129,0.01109846,0.01276537,0.016753262,0.006352546,0.0013797907,0.76618207,0.77379143,0.86470157,0.38060156,0.100474484,-0.008999215,-0.008300307,-0.016105155,0.0640421,0.11822457,1.0386249,1.0386249,1.0386249,1.0386249,1.0386249,0.9373855,0.85943615,0.7001563,0.7001563,0.7001563,0.9998424,0.99980307,0.9595289,0.9410718,0.8969257,0.9748765,0.8984959,0.74451053,0.76997733,0.7732247,1.0,1.0,1.0,1.0,1.0,0.6184796,0.78444576,0.8858834,0.8858834,0.8858834,1.0,1.0,1.0,1.0,1.0,0.4,0.1,0.3,0.53333336,0.76666665,0.6,0.9,0.7,0.46666667,0.23333333,0.3416406,-0.0708694,0.4399428,0.49166858,0.3573727,-0.6020983,0.14027444,0.47537982,0.32960886,0.3997456,0.8,0.7,0.65,0.56666666,0.5,0.0,0.2,0.3,0.4,0.48333332,0.8,0.5,0.35,0.16666667,0.016666668,1.0,0.7785921,0.71042097,0.6078457,0.5577685,0.0,0.22140789,0.28957903,0.39215428,0.44223148,1.0,0.5571842,0.4208419,0.21569145,0.11553706,0.8032389,0.83679074,0.8082786,0.75136465,0.72098994,0.12027143,0.12131661,0.23030731,0.22415687,0.23300794,0.9802002,0.9594481,1.0587335,1.1002123,1.1296059,0.59859884,0.3599808,0.58034015,0.55448914,0.5042888,0.40140113,0.64001924,0.41965985,0.44551086,0.4957112,0.19719772,-0.28003842,0.16068028,0.10897827,0.008577607
SZ300308,-0.1311080629881712,0.125,,2026-04-24,-0.014729238,0.06717023,-0.21928224,0.01638433,0.24392249,0.03605666,0.53679526,0.004943093,0.07359053,1.0149494,1.0315787,0.9634043,0.9974233,0.95942485,0.8282514,0.69245493,0.6029386,0.65603966,0.98884314,0.93992716,0.824095,0.7695919,0.704635,0.021603027,0.062311303,0.1336494,0.13495031,0.11792304,0.011964048,0.019861976,0.02211064,0.014196872,0.0046478785,0.76677346,0.9313709,0.95793647,0.8577076,0.4738185,-0.012771265,-0.029306043,-0.0341461,0.024553418,0.15825258,1.0372043,1.0372043,1.0372043,1.0372043,1.0372043,0.94589615,0.8052283,0.6257109,0.59190005,0.57046854,1.002257,0.99966645,0.96255004,0.92186886,0.7769155,0.97170013,0.8777822,0.6776807,0.6557012,0.6230059,0.8,0.9,0.95,0.96666664,0.98333335,0.59254193,0.83962035,0.9095873,0.9164521,0.92028844,0.8,0.9,0.95,0.96666664,0.98333335,0.4,0.1,0.15,0.033333335,0.45,0.4,0.8,0.8,0.93333334,0.53333336,0.6239437,0.42696756,0.5707608,0.21153155,0.021290226,0.08249423,0.46774986,0.580321,0.6389472,0.29822433,0.6,0.8,0.7,0.6666667,0.5833333,0.4,0.2,0.3,0.33333334,0.41666666,0.2,0.6,0.4,0.33333334,0.16666667,0.81020135,0.9368531,0.821586,0.79169905,0.627409,0.18979867,0.06314687,0.17841399,0.20830095,0.37259102,0.6204027,0.8737063,0.643172,0.5833981,0.25481796,0.78768814,0.79243773,0.7392712,0.7788728,0.82918876,0.1320183,0.13915949,0.1578354,0.19132978,0.21792713,0.6304838,0.91954136,1.052063,0.9933108,0.93365276,0.47378984,0.54242885,0.5443675,0.5330042,0.51299053,0.5262102,0.45757115,0.4556325,0.46699575,0.48700947,-0.052420333,0.08485769,0.08873496,0.06600849,0.02598104
SH688396,-0.1330701481805053,0.0,,2026-04-24,0.032641515,0.061132066,0.5339508,0.02773582,0.4537033,0.0007547295,0.012345886,0.0056604245,0.09259339,0.9683903,1.026859,0.9676594,1.0026789,0.89989173,0.8979076,0.82792205,0.93362194,1.1911978,0.95840544,0.92564934,0.8854978,0.879335,0.9752044,0.024746815,0.03855717,0.057513688,0.05122855,0.12469594,0.013257594,0.011797632,0.008658007,0.0029947895,-0.0057294853,0.71751475,0.8582044,0.79316115,0.26485622,0.6439119,0.015079356,0.021261333,0.032251116,0.07724056,0.19381541,1.026859,1.026859,1.026859,1.026859,1.2954068,0.9004195,0.8785589,0.7986801,0.7986801,0.7986801,0.9701299,0.9475108,0.9427128,0.9138528,1.0921357,0.94292927,0.89498556,0.82463926,0.82781386,0.86980516,1.0,1.0,1.0,1.0,0.6333333,0.78757375,0.818887,0.88228935,0.88228935,0.40529308,1.0,1.0,1.0,1.0,0.083333336,0.2,0.3,0.3,0.53333336,0.76666665,0.8,0.7,0.7,0.46666667,-0.68333334,0.6462642,0.8111531,0.85885495,0.80064887,0.39869127,0.8541883,0.68123955,0.86033493,0.6963568,0.56885034,0.8,0.7,0.55,0.5,0.41666666,0.2,0.3,0.45,0.5,0.56666666,0.6,0.4,0.1,0.0,-0.15,0.9894179,0.84014386,0.7329101,0.56096756,0.4292012,0.010582118,0.15985614,0.2670899,0.43903247,0.5707988,0.97883576,0.6802877,0.46582016,0.12193508,-0.14159764,0.7402715,0.59015894,0.5120599,0.46272868,0.4640822,0.22338852,0.22120717,0.29526013,0.254161,0.21360591,1.033283,1.2934546,2.222597,2.2330527,1.7634733,0.69193774,0.6096288,0.59672374,0.5638766,0.5000202,0.3080623,0.39037123,0.40327626,0.43612337,0.4999798,0.38387546,0.21925755,0.1934475,0.12775326,4.0429895e-05
SZ300015,-0.13475484578892585,0.0,,2026-04-24,0.07219518,0.10536583,0.6851859,0.029268252,0.27777746,0.0039023946,0.037036624,0.04682932,0.44444507,0.932666,1.0272975,0.92902637,0.9962268,0.8607918,0.8744405,0.8571448,0.9235785,1.0191191,0.92120516,0.89645797,0.8843551,0.89120984,0.9342642,0.051789187,0.04347633,0.033015344,0.03259711,0.055731244,0.030571373,0.010807583,0.0030854605,-0.00031601186,-0.0026768406,0.8711475,0.5664517,0.30568662,0.0072836694,0.7036349,0.017652107,0.054907918,0.086333,0.11337232,0.14470261,1.0272975,1.0272975,1.0272975,1.0272975,1.0591574,0.8571491,0.8571491,0.84805083,0.84805083,0.84805083,0.95778304,0.907189,0.882265,0.92084044,0.99345744,0.881356,0.8746228,0.86515445,0.87043154,0.87535226,1.0,1.0,1.0,1.0,0.81666666,0.83956647,0.83956647,0.84770983,0.84770983,0.7197748,1.0,1.0,1.0,1.0,0.18333334,0.2,0.6,0.05,0.36666667,0.68333334,0.8,0.4,0.95,0.6333333,-0.5,0.96363956,0.97179925,0.9587028,0.6123155,0.5486876,0.7735304,0.83429843,0.77443653,0.43651217,0.26967505,1.0,0.6,0.55,0.5,0.46666667,0.0,0.2,0.35,0.43333334,0.5,1.0,0.4,0.2,0.06666667,-0.033333335,1.0,0.9058676,0.743009,0.5937309,0.48841688,0.0,0.09413239,0.25699103,0.40626907,0.51158315,1.0,0.8117352,0.48601794,0.18746187,-0.02316626,0.4431282,0.29923716,0.22168994,0.19727838,0.21700121,0.34787726,0.27714863,0.2074069,0.17257877,0.14807917,1.215112,1.865829,2.1738784,2.2950113,1.8906742,0.9060991,0.8876502,0.7939743,0.730281,0.604732,0.09390095,0.11234979,0.20602572,0.269719,0.395268,0.8121981,0.7753004,0.58794856,0.460562,0.20946401
SZ301236,-0.14018564543203096,0.0,,2026-04-24,0.025641004,0.05641025,0.4545451,0.010722627,0.19008295,0.020046622,0.35537195,0.034964997,0.6198341,0.975,1.0104545,0.9554546,0.9871494,0.9152056,0.88063395,0.8600297,1.0709262,1.1324418,0.95572066,0.9263398,0.8922586,0.9105894,0.99998677,0.037177414,0.040768772,0.047171015,0.062426765,0.104185514,0.019881135,0.012261693,0.0069969124,-0.001227713,-0.0049576038,0.7149307,0.82919586,0.77007055,0.029974625,0.6906036,0.0045170733,0.018482592,0.041270774,0.10721243,0.14626253,1.0134053,1.0134053,1.0134053,1.0644883,1.247698,0.90136033,0.86480576,0.8286743,0.8286743,0.8286743,0.9796335,0.9685191,0.9183953,0.9685191,1.0871124,0.92610204,0.89365035,0.8499059,0.8638336,0.88142645,1.0,1.0,1.0,0.8666667,0.43333334,0.88035727,0.9097886,0.927433,0.72652906,0.4088688,0.6,0.8,0.9,0.033333335,0.05,0.6,0.1,0.3,0.53333336,0.76666665,0.0,0.7,0.6,-0.5,-0.71666664,0.9099307,0.96171933,0.9031077,0.40368205,0.4694472,0.9633613,0.9386871,0.9077414,0.41821325,0.459776,0.6,0.7,0.6,0.5,0.45,0.4,0.3,0.4,0.5,0.55,0.2,0.4,0.2,0.0,-0.1,0.7819498,0.7906414,0.6794514,0.44585603,0.44725838,0.21805021,0.20935854,0.3205486,0.55414397,0.5527416,0.5638996,0.5812829,0.35890284,-0.10828795,-0.10548323,0.77077824,0.5504473,0.43231806,0.42566657,0.46878076,0.35197973,0.33387017,0.26634037,0.2330044,0.21426824,1.216105,1.6287332,1.6620837,1.4993063,1.3419707,0.6457504,0.6524659,0.61202985,0.5749545,0.53415245,0.35424957,0.34753415,0.38797015,0.42504552,0.46584755,0.29150084,0.3049317,0.2240597,0.14990897,0.068304904
SH600066,-0.1463127622710791,0.0,,2026-04-24,0.004892689,0.03316118,0.14754269,0.020385975,0.61475426,0.007882513,0.23770304,-0.0076107737,-0.22950853,0.99513113,1.0202867,0.987287,1.0049862,0.9748446,1.0040581,0.8845027,0.8455512,0.8625902,0.9904789,0.9888565,0.9826895,0.93867165,0.8885635,0.011355807,0.00949996,0.03957457,0.0717734,0.07318464,0.0068160715,0.00072102423,0.0026434145,0.006838851,0.00319926,0.90068364,0.052804098,0.15615869,0.70362455,0.582853,-0.0041110464,0.007898873,-0.0078019295,-0.03783501,0.017058332,1.0202867,1.0202867,1.0413867,1.0413867,1.0413867,0.9602396,0.9602396,0.8655678,0.80984735,0.7898295,1.0,0.9963234,1.0042204,1.0,0.98593515,0.98295915,0.98328346,0.97452027,0.8492842,0.83337927,0.9,0.95,0.725,0.81666666,0.90833336,0.66215354,0.66215354,0.7646059,0.821254,0.8354778,1.0,1.0,0.25,0.5,0.75,0.2,0.6,0.1,0.23333333,0.35,0.8,0.4,0.15,0.26666668,0.4,0.8009778,0.44322124,0.27447444,0.36952242,0.40612713,0.9595394,0.23572907,0.49467954,0.49439505,0.23007444,0.6,0.3,0.45,0.46666667,0.46666667,0.2,0.5,0.45,0.46666667,0.48333332,0.4,-0.2,0.0,0.0,-0.016666668,0.9429015,0.46478036,0.6728704,0.67064893,0.5760948,0.057098486,0.53521967,0.3271296,0.32935104,0.4239052,0.88580304,-0.070439294,0.34574082,0.3412979,0.1521896,1.0726475,1.0129396,1.5072557,1.3768458,1.1667196,0.23583245,0.1913953,0.97897565,0.8443996,0.6733959,0.87598497,0.8201178,1.5906085,1.5935771,1.4942652,0.49760237,0.46206746,0.48878416,0.50813884,0.50483364,0.5023976,0.5379325,0.51121587,0.4918612,0.49516636,-0.0047952337,-0.07586509,-0.022431694,0.016277615,0.009667302
SZ002709,-0.15453079533076858,0.0,,2026-04-24,0.07324965,0.11371908,0.6441281,0.023876974,0.20996453,0.016592456,0.14590739,0.06596514,0.580071,0.93174964,1.0222473,0.9162896,0.9647534,0.91987747,0.8808415,0.83880764,0.91685385,0.81957513,0.9690463,0.9408023,0.8980132,0.8784584,0.839083,0.032836456,0.039359007,0.055053324,0.057956193,0.063703366,0.006410823,0.010243181,0.0071800374,0.004386833,0.002763157,0.095291704,0.6208589,0.59532535,0.44402173,0.5738339,0.018132053,0.013103409,0.033776473,0.057932533,0.07940387,1.0222473,1.0222473,1.0222473,1.0222473,1.0222473,0.8970591,0.86161745,0.8052395,0.7735647,0.7296456,0.9962314,0.9848865,0.93247336,0.9275627,0.9056206,0.9351831,0.9168979,0.84740645,0.823079,0.78216386,1.0,1.0,1.0,1.0,1.0,0.82228875,0.86149925,0.8974813,0.91053915,0.92396706,1.0,1.0,1.0,1.0,1.0,0.2,0.1,0.3,0.16666667,0.2,0.8,0.9,0.7,0.8333333,0.8,0.77855694,0.6642568,0.73561317,0.6451016,0.804596,0.6298029,0.5514528,0.6608486,0.5339534,0.508137,0.6,0.5,0.5,0.5,0.48333332,0.4,0.5,0.5,0.5,0.51666665,0.2,0.0,0.0,0.0,-0.033333335,0.6930098,0.6910846,0.6409523,0.5532505,0.5705027,0.30699018,0.30891538,0.3590477,0.44674948,0.42949727,0.38601965,0.38216925,0.28190458,0.10650101,0.14100544,0.8536816,0.80242485,0.7230151,0.6852283,0.54372555,0.17239386,0.1325035,0.20111646,0.18834692,0.23798941,0.72833234,0.88416725,0.87428635,0.9177219,1.1694152,0.64099044,0.5039233,0.5368271,0.53302574,0.5417223,0.35900956,0.49607667,0.46317288,0.4669743,0.45827773,0.28198087,0.007846631,0.07365421,0.066051446,0.083444536
SH603019,-0.15571395529494553,0.0,,2026-04-24,-0.0032237603,0.042230777,-0.07633675,0.015044011,0.35623333,0.023963006,0.5674299,0.005695236,0.13485985,1.0032341,1.0183269,0.9759595,1.0003194,0.9693673,0.9195627,0.8835693,0.9688391,1.0580965,0.98673284,0.9731409,0.9208765,0.9171755,0.9404977,0.013597578,0.017468316,0.058231264,0.051170312,0.05041741,0.0041644727,0.004884427,0.009053748,0.002817644,-0.0010868525,0.23449682,0.71669865,0.84608203,0.23498374,0.14173597,0.004938197,0.004879156,-0.0068870876,0.041968696,0.09156445,1.0183269,1.0183269,1.0183269,1.0183269,1.1081878,0.95492893,0.9121402,0.8277138,0.8277138,0.8277138,0.9931763,0.99035066,0.9731647,0.96119153,0.98679096,0.98343724,0.9590578,0.85855603,0.86558574,0.89499843,1.0,1.0,1.0,1.0,0.95,0.7109234,0.82740915,0.9038531,0.9038531,0.61426806,1.0,1.0,1.0,1.0,0.016666668,0.4,0.1,0.3,0.53333336,0.76666665,0.6,0.9,0.7,0.46666667,-0.75,0.8491754,0.61570805,0.91043895,0.8311116,0.6640182,0.7654648,0.61912006,0.7019694,0.56615925,0.40173844,0.6,0.6,0.55,0.46666667,0.41666666,0.4,0.4,0.45,0.53333336,0.5833333,0.2,0.2,0.1,-0.06666667,-0.16666667,0.67119247,0.7605201,0.6837849,0.52984023,0.4716407,0.32880753,0.23947988,0.31621507,0.4701598,0.5283593,0.3423849,0.52104026,0.36756983,0.059680406,-0.05671857,0.73766506,0.6826015,0.51439553,0.47293058,0.4838067,0.18694465,0.17217396,0.22642004,0.19667514,0.19030833,0.53958404,0.95251054,1.093052,0.9834934,1.1992656,0.66840017,0.60963833,0.6190354,0.53426987,0.46938795,0.33159983,0.39036167,0.38096458,0.46573016,0.53061205,0.33680034,0.2192767,0.23807082,0.068539694,-0.061224084
SZ000977,-0.15730374204138056,0.0,,2026-04-24,0.014502612,0.049064804,0.29558077,0.010436452,0.2127075,0.02412574,0.49171174,0.0281919,0.574585,0.9857047,1.0102873,0.96192384,0.9919886,0.9115487,0.901803,0.7743491,0.8456905,0.87935,0.98161334,0.94734144,0.87243897,0.8470346,0.83889353,0.017803999,0.038137514,0.0891723,0.08229728,0.06161002,0.007910583,0.011355676,0.014539154,0.007489073,0.0011818731,0.4935395,0.81270444,0.93043566,0.64178103,0.11223773,0.0025655234,0.0015580243,-0.010560958,0.044373848,0.1262412,1.0102873,1.0102873,1.0102873,1.0102873,1.0102873,0.91247827,0.87920916,0.7395972,0.7395972,0.7395972,0.9930519,0.9873606,0.9581717,0.9144544,0.874167,0.9722079,0.91207695,0.76552397,0.7728242,0.79186726,1.0,1.0,1.0,1.0,1.0,0.89482296,0.9215181,0.96199614,0.96199614,0.96199614,1.0,1.0,1.0,1.0,1.0,0.4,0.1,0.1,0.4,0.7,0.6,0.9,0.9,0.6,0.3,-0.3406224,0.41682258,0.8472518,0.8547855,0.81555414,0.8511305,0.8588824,0.8007336,0.6516993,0.6000063,0.6,0.5,0.55,0.46666667,0.5,0.4,0.5,0.45,0.53333336,0.5,0.2,0.0,0.1,-0.06666667,0.0,0.8047436,0.77041775,0.77642673,0.6151617,0.55538607,0.19525644,0.22958225,0.22357324,0.38483825,0.4446139,0.6094871,0.5408355,0.5528535,0.2303235,0.11077219,1.1143302,0.9821345,0.77701324,0.6591515,0.57813597,0.30863312,0.2826751,0.38431317,0.3576936,0.28258896,1.0819145,1.4291065,1.2174476,1.1572354,1.2318342,0.5830161,0.45485976,0.57703453,0.5257014,0.5255499,0.4169839,0.54514027,0.42296547,0.47429857,0.47445014,0.16603221,-0.09028047,0.15406905,0.051402863,0.05109972
SH600150,-0.1620238242712063,0.0,,2026-04-24,0.0051813205,0.030829014,0.16806637,0.010362745,0.33613613,0.015284948,0.4957975,0.010103523,0.32772774,0.9948454,1.0103093,0.97963923,0.99602187,0.8512631,0.84151113,0.79044765,0.92781997,0.90900713,0.9560624,0.9010136,0.85510254,0.85494894,0.8924275,0.039626934,0.063828774,0.066056766,0.058818612,0.06360763,0.024034392,0.019738037,0.01009596,0.0025062195,-0.0011309402,0.9196559,0.8765696,0.8175772,0.14070529,0.09641857,-0.0041311355,0.010165241,0.048985865,0.108710885,0.14093524,1.0103093,1.0103093,1.0103093,1.0103093,1.0167032,0.85279673,0.8306592,0.7731756,0.7731756,0.7731756,0.9958842,0.9511172,0.9145973,0.9011134,0.9552638,0.9306765,0.8432312,0.7960531,0.7994932,0.83455426,1.0,1.0,1.0,1.0,0.98333335,0.93454915,0.94261444,0.95652527,0.95652527,0.93141115,1.0,1.0,1.0,1.0,0.43333334,0.2,0.1,0.05,0.36666667,0.68333334,0.8,0.9,0.95,0.6333333,-0.25,0.3723465,0.8949558,0.8076217,0.6651349,0.6242337,0.9666861,0.87999105,0.8449963,0.4863776,0.4457615,1.0,0.9,0.75,0.6,0.55,0.0,0.1,0.25,0.4,0.45,1.0,0.8,0.5,0.2,0.1,1.0,0.95704156,0.8782924,0.57833344,0.5509941,0.0,0.04295841,0.121707596,0.4216666,0.44900593,1.0,0.9140832,0.7565848,0.15666682,0.10198816,1.0265732,0.68764246,0.5510568,0.5461264,0.59521896,0.34048414,0.42380944,0.34032595,0.2840518,0.23888761,1.0019907,1.5856895,1.8096825,1.6115539,1.3747945,0.6103553,0.60614467,0.55370384,0.54691124,0.52562773,0.3896447,0.3938553,0.44629613,0.4530888,0.47437224,0.22071058,0.2122894,0.10740773,0.09382242,0.051255513
SH603296,-0.1668183686403376,0.0,,2026-04-24,0.03096536,0.07985814,0.3877546,0.026747273,0.33493486,0.022145504,0.27731055,0.026363589,0.33013028,0.9699647,1.0259439,0.94848436,0.99147207,0.90572876,0.918725,0.806608,0.8462434,0.8593043,0.96697277,0.9408574,0.8920891,0.8672163,0.83877647,0.02429273,0.032472067,0.070726104,0.06864252,0.059166875,0.011612563,0.008723335,0.010912173,0.00651187,0.0022988322,0.57127285,0.661541,0.8331651,0.69747186,0.46042314,0.009802128,0.019887589,0.0042452207,0.038361594,0.093407966,1.0259439,1.0259439,1.0259439,1.0259439,1.0259439,0.91021436,0.88949025,0.7415848,0.7415848,0.7415848,0.9817406,0.96807194,0.9388465,0.9222424,0.90589684,0.9530454,0.91277647,0.827415,0.80712533,0.7915945,1.0,1.0,1.0,1.0,1.0,0.7758229,0.8098701,0.9087636,0.9087636,0.9087636,1.0,1.0,1.0,1.0,1.0,0.4,0.4,0.15,0.43333334,0.71666664,0.6,0.6,0.85,0.56666666,0.28333333,0.8955729,0.81291497,0.2183794,0.43742514,0.55528015,0.94728357,0.8754548,0.7636539,0.64454854,0.5565422,0.6,0.5,0.55,0.46666667,0.43333334,0.4,0.5,0.45,0.53333336,0.56666666,0.2,0.0,0.1,-0.06666667,-0.13333334,0.7867822,0.69857824,0.71759063,0.61225456,0.56340325,0.21321781,0.30142176,0.2824094,0.38774544,0.43659672,0.57356435,0.39715645,0.43518123,0.2245091,0.12680653,0.72390634,0.63716906,0.68599075,0.59894973,0.5123481,0.18580437,0.17138016,0.19945239,0.23059961,0.20683134,0.5923021,0.97945386,1.1354741,1.1429625,1.2488593,0.75919414,0.5949612,0.5618033,0.5488723,0.52800244,0.24080585,0.4050388,0.43819672,0.4511277,0.47199753,0.5183883,0.18992242,0.12360658,0.09774458,0.05600493
SH603893,-0.18750088885908395,0.0,,2026-04-24,0.015056855,0.0429546,0.3505295,0.011420468,0.265873,0.016477278,0.38359752,0.020113664,0.46825403,0.9851665,1.0112511,0.96893364,0.99168134,0.9567787,0.95168114,0.83768976,0.95010847,1.0898048,0.991269,0.9719902,0.917885,0.90763736,0.96186095,0.00959195,0.02156952,0.06348684,0.05961646,0.07775072,0.002803696,0.0065480233,0.010054394,0.003834255,-0.0028447027,0.21359353,0.84479415,0.877834,0.32057622,0.40828627,0.003123637,-0.0014563226,-0.013401752,0.036765937,0.12205776,1.0130433,1.0130433,1.0130433,1.0130433,1.1725234,0.95365864,0.9386261,0.82061577,0.81417465,0.81417465,0.99852496,0.99390453,0.97855747,0.9568438,1.0224295,0.9867896,0.9534924,0.8472234,0.83920825,0.890488,1.0,1.0,1.0,1.0,0.65,0.78035975,0.8247278,0.9322173,0.93441266,0.5185602,0.8,0.9,0.95,0.96666664,0.083333336,0.2,0.2,0.05,0.26666668,0.6333333,0.6,0.7,0.9,0.7,-0.55,0.74256784,0.6424433,0.7741509,0.5549539,0.52224636,0.9691176,0.8799097,0.82129204,0.47818983,0.4779099,0.6,0.6,0.6,0.53333336,0.48333332,0.4,0.4,0.4,0.46666667,0.51666665,0.2,0.2,0.2,0.06666667,-0.033333335,0.7286291,0.7128524,0.7611237,0.54560775,0.45937592,0.2713709,0.2871476,0.23887627,0.45439222,0.5406241,0.45725825,0.42570478,0.52224743,0.091215536,-0.08124816,1.0070964,0.9144857,0.79864913,0.7016757,0.7767104,0.15462263,0.16835375,0.3157937,0.30275488,0.43168324,0.7487525,1.1453576,1.539014,1.381961,1.6117979,0.6297131,0.40586758,0.5522595,0.535057,0.47294256,0.37028688,0.5941324,0.4477405,0.464943,0.5270574,0.25942627,-0.18826488,0.10451899,0.070113994,-0.05411486
SZ002384,-0.19737000738305535,0.125,,2026-04-24,-0.028940622,0.087803654,-0.32960612,0.012919855,0.14714485,0.045943175,0.52324903,0.004082696,0.046498023,1.0298032,1.0431081,0.95268756,0.99802864,0.8626956,0.7639722,0.5550853,0.58169276,0.39701992,0.94443816,0.8715165,0.7394086,0.688089,0.5656794,0.07316956,0.09426954,0.15835716,0.14855091,0.1669914,0.042076387,0.029396784,0.026088964,0.014394005,0.0086634355,0.82671535,0.89139116,0.9499621,0.7276363,0.8209032,-0.028590912,-0.0038020501,0.01274622,0.10319791,0.17874925,1.0431081,1.0431081,1.0431081,1.0431081,1.0431081,0.82862914,0.76375407,0.52596825,0.52596825,0.35753033,0.99472207,0.99203813,0.87046516,0.8038294,0.6509198,0.8883442,0.7805431,0.5771658,0.5702707,0.40994394,1.0,1.0,1.0,1.0,1.0,0.79901034,0.8456867,0.9166414,0.9166414,0.93712157,1.0,1.0,1.0,1.0,1.0,0.2,0.2,0.05,0.36666667,0.18333334,0.8,0.8,0.95,0.6333333,0.81666666,-0.017006325,0.36903593,0.68335223,0.46585506,0.54795927,-0.45899856,0.16283648,0.3954157,0.2652044,0.27827045,0.8,0.7,0.65,0.6333333,0.6666667,0.2,0.3,0.35,0.36666667,0.33333334,0.6,0.4,0.3,0.26666668,0.33333334,0.8583095,0.8916997,0.8760871,0.747385,0.74049085,0.1416905,0.108300306,0.12391285,0.25261497,0.25950912,0.716619,0.7833994,0.7521743,0.49477002,0.48098174,0.88024974,0.8450794,0.7006148,0.7213003,0.6430915,0.11883783,0.13226672,0.26117492,0.23410168,0.22457023,0.9278188,1.0480295,1.0778065,0.94622535,1.0151913,0.48900154,0.422606,0.56360734,0.5313058,0.54073644,0.5109984,0.577394,0.43639266,0.46869424,0.45926356,-0.02199689,-0.154788,0.12721466,0.06261153,0.081472896
SH605117,-0.25169244293066584,0.25,,2026-04-24,-0.003258726,0.046843182,-0.06956671,0.014935418,0.3188387,0.028649038,0.6115946,0.010454893,0.22318922,1.0032694,1.0182537,0.97125727,0.99467874,0.9807186,0.9508183,0.8939464,0.9262274,0.5810452,0.9901886,0.97984874,0.9250888,0.9165223,0.8032223,0.016946176,0.024699248,0.06371521,0.055831905,0.14211956,0.0090536205,0.00337124,0.008736406,0.0038242184,0.0074766506,0.71357757,0.17077462,0.65803266,0.36359856,0.84412414,-0.00829585,0.0049806954,-0.0080847,0.028026508,-0.023783496,1.0337145,1.0458992,1.0458992,1.0458992,1.0458992,0.96021473,0.9207121,0.81651103,0.81651103,0.56613636,1.0026971,1.000162,0.9851483,0.9757033,0.929286,0.9743697,0.9699351,0.86131394,0.86510295,0.63868487,0.8,0.8,0.9,0.93333334,0.96666664,0.54129726,0.6333557,0.7999063,0.7999063,0.9043296,0.8,0.1,0.55,0.7,0.85,0.6,0.4,0.3,0.53333336,0.13333334,0.2,-0.3,0.25,0.16666667,0.71666664,0.5522017,-0.04913015,0.2422255,0.23059623,0.5816512,0.9193795,0.63662994,0.2996753,0.4622843,0.45319375,0.4,0.5,0.5,0.46666667,0.55,0.6,0.5,0.5,0.53333336,0.45,-0.2,0.0,0.0,-0.06666667,0.1,0.6617867,0.60490215,0.61547023,0.5524855,0.64196306,0.33821332,0.39509785,0.38452977,0.4475145,0.35803697,0.32357335,0.2098043,0.23094045,0.10497102,0.28392607,1.0627341,1.600774,1.4136741,1.5380528,1.3492013,0.2166163,0.81563395,0.6114072,0.6158284,0.61169505,0.8849459,1.190725,1.1580855,1.3074435,1.1275973,0.3217556,0.49150294,0.46201494,0.4342747,0.50485873,0.6782444,0.50849706,0.5379851,0.5657253,0.49514127,-0.35648885,-0.016994102,-0.075970136,-0.13145062,0.009717478
